  0  0  0 0.00 0.00 0.00     0 0.00 0.00 0.00     0 10.24 32.30 28.32     0 0.000
  0  0  0 0.00 0.00 0.00     0 0.00 0.00 0.00     0 10.14 32.20 28.08     0 0.000
  0  0  0 0.00 0.00 0.00     0 0.00 0.00 0.00     0 10.24 32.30 28.32     0 0.000
  0  0  0 0.00 0.00 0.00     0 0.00 0.00 0.00     0 10.14 32.20 28.08     0 0.000
  0  0  0 0.00 0.00 0.00     0 0.00 0.00 0.00     0 10.22 32.28 28.36     0 0.000
  0  0  0 0.00 0.00 0.00     0 0.00 0.00 0.00     0 10.10 32.20 27.92     0 0.000
  0  0  0 0.00 0.00 0.00     0 0.00 0.00 0.00     0 10.10 32.20 27.92     0 0.000
  0  0  0 0.00 0.00 0.00     0 0.00 0.00 0.00     0 10.10 32.20 27.92     0 0.000
  0  0  0 0.00 0.00 0.00     0 0.00 0.00 0.00     0 10.10 32.20 27.92     0 0.000
  0  0  0 0.00 0.00 0.00     0 0.00 0.00 0.00     0 10.10 32.20 27.92     0 0.000
  0  0  0 0.00 0.00 0.00     0 0.00 0.00 0.00     0 10.10 32.20 27.92     0 0.000
  0  0  0 0.00 0.00 0.00     0 0.00 0.00 0.00     0 10.10 32.20 27.92     0 0.000
  0  0  0 0.00 0.00 0.00     0 0.00 0.00 0.00     0 10.89 32.17 29.73     0 0.000
  0  0  0 0.00 0.00 0.00     0 0.00 0.00 0.00     0 10.89 32.17 29.73     0 0.000
  0  0  0 0.00 0.00 0.00     0 0.00 0.00 0.00     0 10.89 32.17 29.73     0 0.000
  0  0  0 0.00 0.00 0.00     0 0.00 0.00 0.00     0 10.89 32.17 29.73     0 0.000
  0  0  0 0.00 0.00 0.00     0 0.00 0.00 0.00     0 10.89 32.17 29.73     0 0.000
