  1  0  0 70.26 74.53 76.05 12512 0.00 0.00 0.00     0 70.26 74.53 76.05 12512     0 0.063
  1  0  0 70.15 74.84 74.06 12696 0.00 0.00 0.00     0 70.15 74.84 74.06 12696     0 0.071
  1  0  0 70.26 74.53 76.05 12512 0.00 0.00 0.00     0 70.26 74.53 76.05 12512     0 0.053
  1  0  0 70.15 74.84 74.06 12696 0.00 0.00 0.00     0 70.15 74.84 74.06 12696     0 0.061
 10  0  0 70.26 74.53 76.05 12512 0.00 0.00 0.00     0 67.55 68.13 68.75  6471     0 0.176
 10  0  0 70.15 74.84 74.06 12696 0.00 0.00 0.00     0 67.07 68.55 68.33  6307     0 0.173
 10  0  0 70.15 74.84 74.06 12696 0.00 0.00 0.00     0 67.07 68.55 68.33  6307     0 0.200
 10  0  0 70.15 74.84 74.06 12696 0.00 0.00 0.00     0 67.07 68.55 68.33  6307     0 0.199
 10  0  0 70.15 74.84 74.06 12696 0.00 0.00 0.00     0 67.07 68.55 68.33  6307     0 0.177
 10  0  0 70.15 74.84 74.06 12696 0.00 0.00 0.00     0 67.07 68.55 68.33  6307     0 0.176
 10  0  0 70.15 74.84 74.06 12696 0.00 0.00 0.00     0 67.07 68.55 68.33  6307     0 0.175
 10  0  0 70.15 74.84 74.06 12696 0.00 0.00 0.00     0 67.07 68.55 68.33  6307     0 0.176
 10  0  0 71.51 74.53 75.05 10080 0.00 0.00 0.00     0 67.71 68.43 68.43  6293     0 0.176
 10  0  0 71.51 74.53 75.05 10080 0.00 0.00 0.00     0 67.71 68.43 68.43  6293     0 0.202
 10  0  0 71.51 74.53 75.05 10080 0.00 0.00 0.00     0 66.75 68.24 68.27  3874     0 0.075
 10  0  0 71.51 74.53 75.05 10080 0.00 0.00 0.00     0 66.75 68.24 68.27  3874     0 0.076
 10  0  0 71.51 74.53 75.05 10080 0.00 0.00 0.00     0 69.30 68.29 68.46 21380     0 0.091
 10  0  0 71.51 74.53 75.05 10080 0.00 0.00 0.00     0 68.35 68.39 68.43 10632     0 0.204
 10  0  0 70.15 74.84 74.06 12696 0.00 0.00 0.00     0 67.07 68.55 68.33  6307     0 0.115
 10  0  0 70.15 74.84 74.06 12696 0.00 0.00 0.00     0 67.07 68.55 68.33  6307     0 0.137
 10  0  0 70.53 75.52 72.83 12576 0.00 0.00 0.00     0 67.19 68.16 67.37  9297     0 0.139
 10  0  0 70.14 75.17 73.33 12424 0.00 0.00 0.00     0 67.61 68.44 68.28  6132     0 0.107
 10  0  0 70.99 75.91 73.26 11976 0.00 0.00 0.00     0 67.88 68.59 67.85  6882     0 0.112
 10  0  0 70.39 74.15 72.97 12584 0.00 0.00 0.00     0 67.11 67.58 67.35  8521     0 0.127
 10  0  0 70.99 73.18 70.55 11248 0.00 0.00 0.00     0 67.55 67.10 66.94 10368     0 0.136
 10  0  0 70.19 72.04 69.96 11736 0.00 0.00 0.00     0 66.96 66.83 66.35  7167     0 0.112
 10  0  0 70.40 72.21 70.67 11840 0.00 0.00 0.00     0 67.15 67.10 66.91  7986     0 0.119
 10  0  0 70.65 69.53 69.00 12344 0.00 0.00 0.00     0 68.45 67.14 66.85  7441     0 0.114
124  0  0 70.15 74.84 74.06 12704 0.00 0.00 0.00     0 66.93 66.02 66.37  6682     0 0.120
124  0  0 70.15 74.84 74.06 12704 0.00 0.00 0.00     0 66.93 66.02 66.37  6682     0 0.138
124  0  0 70.15 74.84 74.06 12704 0.00 0.00 0.00     0 66.93 66.02 66.37  6682     0 0.121
124  0  0 70.15 74.84 74.06 12704 0.00 0.00 0.00     0 66.93 66.02 66.37  6682     0 0.119
260  0  0 70.53 75.52 72.83 12584 0.00 0.00 0.00     0 66.87 65.44 65.42  7046     0 0.153
124  0  0 70.15 74.84 74.06 12704 0.00 0.00 0.00     0 66.93 66.02 66.37  6682     0 0.129
124  0  0 70.15 74.84 74.06 12704 0.00 0.00 0.00     0 66.93 66.02 66.37  6682     0 0.121
124  0  0 70.15 74.84 74.06 12704 0.00 0.00 0.00     0 66.93 66.02 66.37  6682     0 0.133
