 10 35 35 33.20 38.67 40.10 38200 0.00 0.00 0.00     0 32.92 37.80 39.18 11364     0 0.391
 10 35 35 33.20 38.67 40.10 38200 0.00 0.00 0.00     0 32.92 37.80 39.18 11364     0 0.442
 10 35 35 33.20 38.67 40.10 38200 0.00 0.00 0.00     0 32.92 37.80 39.18 11364     0 0.425
 10 35 35 33.20 38.67 40.10 38200 0.00 0.00 0.00     0 32.92 37.80 39.18 11364     0 0.466
 10 35 35 33.20 38.67 40.10 38200 0.00 0.00 0.00     0 32.92 37.80 39.18 11364     0 0.412
 10 35 35 33.20 38.67 40.10 38200 0.00 0.00 0.00     0 32.92 37.80 39.18 11364     0 0.492
 10 35 35 33.20 38.67 40.10 38200 0.00 0.00 0.00     0 32.92 37.80 39.18 11364     0 0.546
 10 35 35 33.20 38.67 40.10 38200 0.00 0.00 0.00     0 32.92 37.80 39.18 11364     0 0.457
 10 35 35 33.20 38.67 40.10 38200 0.00 0.00 0.00     0 32.92 37.80 39.18 11364     0 0.504
 10 35 35 33.20 38.67 40.10 38200 0.00 0.00 0.00     0 32.92 37.80 39.18 11364     0 0.428
 10 35 35 33.20 38.67 40.10 38200 0.00 0.00 0.00     0 32.92 37.80 39.18 11364     0 0.388
 10 35 35 33.20 38.67 40.10 38200 0.00 0.00 0.00     0 32.92 37.80 39.18 11364     0 0.386
 10 35 35 33.20 38.67 40.10 38200 0.00 0.00 0.00     0 32.92 37.80 39.18 11364     0 0.446
 10 35 35 33.20 38.67 40.10 38200 0.00 0.00 0.00     0 32.92 37.80 39.18 11364     0 0.386
 10 35 35 33.20 38.67 40.10 38200 0.00 0.00 0.00     0 32.92 37.80 39.18 11364     0 0.407
 10 35 35 33.20 38.67 40.10 38200 0.00 0.00 0.00     0 32.92 37.80 39.18 11364     0 0.424
 10 35 35 33.20 38.67 40.10 38200 0.00 0.00 0.00     0 32.92 37.80 39.18 11364     0 0.406
 10 35 35 33.20 38.67 40.10 38200 0.00 0.00 0.00     0 32.92 37.80 39.18 11364     0 0.387
 10 35 35 33.20 38.67 40.10 38200 0.00 0.00 0.00     0 32.92 37.80 39.18 11364     0 0.409
