  0  0 28 0.00 0.00 0.00     0 0.00 0.00 0.00     0 6.82 10.47 0.00     0 0.000
  0  0 28 0.00 0.00 0.00     0 0.00 0.00 0.00     0 10.71 10.49 0.00     0 0.000
  0  0 28 0.00 0.00 0.00     0 0.00 0.00 0.00     0 0.00 0.00 0.00     0 0.000
  0  0 28 0.00 0.00 0.00     0 0.00 0.00 0.00     0 0.00 0.00 0.00     0 0.000
  0  0 28 0.00 0.00 0.00     0 0.00 0.00 0.00     0 0.00 0.00 0.00     0 0.000
  0  0 28 0.00 0.00 0.00     0 0.00 0.00 0.00     0 0.00 0.00 0.00     0 0.000
  0  0 28 0.00 0.00 0.00     0 0.00 0.00 0.00     0 0.00 0.00 0.00     0 0.000
  0  0 28 0.00 0.00 0.00     0 0.00 0.00 0.00     0 0.00 0.00 0.00     0 0.000
  0  0 28 0.00 0.00 0.00     0 0.00 0.00 0.00     0 0.00 0.00 0.00     0 0.000
  0  0 28 0.00 0.00 0.00     0 0.00 0.00 0.00     0 0.00 0.00 0.00     0 0.000
  0  0 28 0.00 0.00 0.00     0 0.00 0.00 0.00     0 0.00 0.00 0.00     0 0.000
  0  0 28 0.00 0.00 0.00     0 0.00 0.00 0.00     0 0.00 0.00 0.00     0 0.000
  0  0 28 0.00 0.00 0.00     0 0.00 0.00 0.00     0 0.00 0.00 0.00     0 0.000
  0  0 28 0.00 0.00 0.00     0 0.00 0.00 0.00     0 0.00 0.00 0.00     0 0.000
  0  0 28 0.00 0.00 0.00     0 0.00 0.00 0.00     0 0.00 0.00 0.00     0 0.000
  0  0 28 0.00 0.00 0.00     0 0.00 0.00 0.00     0 0.00 0.00 0.00     0 0.000
  0  0 28 0.00 0.00 0.00     0 0.00 0.00 0.00     0 0.00 0.00 0.00     0 0.000
  0  0 28 0.00 0.00 0.00     0 0.00 0.00 0.00     0 0.00 0.00 0.00     0 0.000
  0  0 28 0.00 0.00 0.00     0 0.00 0.00 0.00     0 0.00 0.00 0.00     0 0.000
  0  0 28 0.00 0.00 0.00     0 0.00 0.00 0.00     0 0.00 0.00 0.00     0 0.000
  0  0 28 0.00 0.00 0.00     0 0.00 0.00 0.00     0 0.00 0.00 0.00     0 0.000
  0  0 28 0.00 0.00 0.00     0 0.00 0.00 0.00     0 0.00 0.00 0.00     0 0.000
  0  0 28 0.00 0.00 0.00     0 0.00 0.00 0.00     0 0.00 0.00 0.00     0 0.000
  0  0 28 0.00 0.00 0.00     0 0.00 0.00 0.00     0 0.00 0.00 0.00     0 0.000
  0  0 28 0.00 0.00 0.00     0 0.00 0.00 0.00     0 0.00 0.00 0.00     0 0.000
  0  0 28 0.00 0.00 0.00     0 0.00 0.00 0.00     0 0.00 0.00 0.00     0 0.000
  0  0 28 0.00 0.00 0.00     0 0.00 0.00 0.00     0 0.00 0.00 0.00     0 0.000
  0  0 28 0.00 0.00 0.00     0 0.00 0.00 0.00     0 0.00 0.00 0.00     0 0.000
  0  0 28 0.00 0.00 0.00     0 0.00 0.00 0.00     0 0.00 0.00 0.00     0 0.000
  0  0 28 0.00 0.00 0.00     0 0.00 0.00 0.00     0 0.00 0.00 0.00     0 0.000
  0  0 28 0.00 0.00 0.00     0 0.00 0.00 0.00     0 0.00 0.00 0.00     0 0.000
  0  0 28 0.00 0.00 0.00     0 0.00 0.00 0.00     0 0.00 0.00 0.00     0 0.000
  0  0 28 0.00 0.00 0.00     0 0.00 0.00 0.00     0 0.00 0.00 0.00     0 0.000
  0  0 28 0.00 0.00 0.00     0 0.00 0.00 0.00     0 0.00 0.00 0.00     0 0.000
  0  0 28 0.00 0.00 0.00     0 0.00 0.00 0.00     0 0.00 0.00 0.00     0 0.000
  0  0 28 0.00 0.00 0.00     0 0.00 0.00 0.00     0 0.00 0.00 0.00     0 0.000
  0  0 28 0.00 0.00 0.00     0 0.00 0.00 0.00     0 8.72 26.52 29.47     0 0.000
  0  0 28 0.00 0.00 0.00     0 0.00 0.00 0.00     0 8.72 26.52 29.47     0 0.000
  0  0 28 0.00 0.00 0.00     0 0.00 0.00 0.00     0 0.00 0.00 0.00     0 0.000
  0  0 28 0.00 0.00 0.00     0 0.00 0.00 0.00     0 0.00 0.00 0.00     0 0.000
  0  0 28 0.00 0.00 0.00     0 0.00 0.00 0.00     0 0.00 0.00 0.00     0 0.000
  0  0 28 0.00 0.00 0.00     0 0.00 0.00 0.00     0 8.72 26.52 29.47     0 0.000
  0  0 28 0.00 0.00 0.00     0 0.00 0.00 0.00     0 8.72 26.52 29.47     0 0.000
  0  0 28 0.00 0.00 0.00     0 0.00 0.00 0.00     0 0.00 0.00 0.00     0 0.000
  0  0 28 0.00 0.00 0.00     0 0.00 0.00 0.00     0 0.00 0.00 0.00     0 0.000
  0  0 28 0.00 0.00 0.00     0 0.00 0.00 0.00     0 8.76 25.92 28.76     0 0.000
  0  0 28 0.00 0.00 0.00     0 0.00 0.00 0.00     0 8.71 26.40 29.29     0 0.000
  0  0 28 0.00 0.00 0.00     0 0.00 0.00 0.00     0 8.71 26.40 29.29     0 0.000
  0  0 28 0.00 0.00 0.00     0 0.00 0.00 0.00     0 0.00 0.00 0.00     0 0.000
  0  0 28 0.00 0.00 0.00     0 0.00 0.00 0.00     0 0.00 0.00 0.00     0 0.000
  0  0 28 0.00 0.00 0.00     0 0.00 0.00 0.00     0 8.71 26.40 29.29     0 0.000
  0  0 28 0.00 0.00 0.00     0 0.00 0.00 0.00     0 8.71 26.40 29.29     0 0.000
  0  0 28 0.00 0.00 0.00     0 0.00 0.00 0.00     0 8.55 27.27 30.34     0 0.000
  0  0 51 0.00 0.00 0.00     0 0.00 0.00 0.00     0 8.80 27.67 30.82     0 0.000
  0  0 34 0.00 0.00 0.00     0 0.00 0.00 0.00     0 8.56 27.40 30.54     0 0.000
  0  0 40 0.00 0.00 0.00     0 0.00 0.00 0.00     0 8.59 27.47 30.62     0 0.000
  0  0 46 0.00 0.00 0.00     0 0.00 0.00 0.00     0 8.69 27.72 30.77     0 0.000
  0  0 46 0.00 0.00 0.00     0 0.00 0.00 0.00     0 0.00 0.00 0.00     0 0.000
  0  0 51 0.00 0.00 0.00     0 0.00 0.00 0.00     0 0.00 0.00 0.00     0 0.000
  0  0 40 0.00 0.00 0.00     0 0.00 0.00 0.00     0 0.00 0.00 0.00     0 0.000
  0  0 32 0.00 0.00 0.00     0 0.00 0.00 0.00     0 0.00 0.00 0.00     0 0.000
  0  0 34 0.00 0.00 0.00     0 0.00 0.00 0.00     0 0.00 0.00 0.00     0 0.000
  0  0 28 0.00 0.00 0.00     0 0.00 0.00 0.00     0 0.00 0.00 0.00     0 0.000
  0  0 28 0.00 0.00 0.00     0 0.00 0.00 0.00     0 0.00 0.00 0.00     0 0.000
  0  0 28 0.00 0.00 0.00     0 0.00 0.00 0.00     0 0.00 0.00 0.00     0 0.000
  0  0 28 0.00 0.00 0.00     0 0.00 0.00 0.00     0 0.00 0.00 0.00     0 0.000
  0  0 34 0.00 0.00 0.00     0 0.00 0.00 0.00     0 0.00 0.00 0.00     0 0.000
  0  0 28 0.00 0.00 0.00     0 0.00 0.00 0.00     0 0.00 0.00 0.00     0 0.000
  0  0 40 0.00 0.00 0.00     0 0.00 0.00 0.00     0 0.00 0.00 0.00     0 0.000
  0  0 46 0.00 0.00 0.00     0 0.00 0.00 0.00     0 0.00 0.00 0.00     0 0.000
  0  0 51 0.00 0.00 0.00     0 0.00 0.00 0.00     0 0.00 0.00 0.00     0 0.000
  0  0 51 0.00 0.00 0.00     0 0.00 0.00 0.00     0 0.00 0.00 0.00     0 0.000
  0  0 51 0.00 0.00 0.00     0 0.00 0.00 0.00     0 0.00 0.00 0.00     0 0.000
  0  0 51 0.00 0.00 0.00     0 0.00 0.00 0.00     0 0.00 0.00 0.00     0 0.000
  0  0 51 0.00 0.00 0.00     0 0.00 0.00 0.00     0 0.00 0.00 0.00     0 0.000
  0  0 51 0.00 0.00 0.00     0 0.00 0.00 0.00     0 0.00 0.00 0.00     0 0.000
  0  0 51 0.00 0.00 0.00     0 0.00 0.00 0.00     0 0.00 0.00 0.00     0 0.000
  0  0 28 0.00 0.00 0.00     0 0.00 0.00 0.00     0 8.75 26.11 28.91     0 0.000
  0  0 28 0.00 0.00 0.00     0 0.00 0.00 0.00     0 8.55 27.27 30.34     0 0.000
  0  0 28 0.00 0.00 0.00     0 0.00 0.00 0.00     0 8.55 27.27 30.34     0 0.000
  0  0 28 0.00 0.00 0.00     0 0.00 0.00 0.00     0 8.55 27.27 30.34     0 0.000
  0  0 28 0.00 0.00 0.00     0 0.00 0.00 0.00     0 8.75 26.11 28.91     0 0.000
  0  0 28 0.00 0.00 0.00     0 0.00 0.00 0.00     0 8.75 26.11 28.91     0 0.000
  0  0 28 0.00 0.00 0.00     0 0.00 0.00 0.00     0 8.75 26.11 28.91     0 0.000
  0  0 28 0.00 0.00 0.00     0 0.00 0.00 0.00     0 8.75 26.11 28.91     0 0.000
  0  0 28 0.00 0.00 0.00     0 0.00 0.00 0.00     0 8.75 26.11 28.91     0 0.000
  0  0 28 0.00 0.00 0.00     0 0.00 0.00 0.00     0 8.75 26.11 28.91     0 0.000
  0  0 28 0.00 0.00 0.00     0 0.00 0.00 0.00     0 8.75 26.11 28.91     0 0.000
  0  0 28 0.00 0.00 0.00     0 0.00 0.00 0.00     0 8.75 26.11 28.91     0 0.000
  0  0 28 0.00 0.00 0.00     0 0.00 0.00 0.00     0 38.20 43.01 44.65     0 0.000
  0  0 28 0.00 0.00 0.00     0 0.00 0.00 0.00     0 38.20 43.01 44.65     0 0.000
  0  0 28 0.00 0.00 0.00     0 0.00 0.00 0.00     0 38.20 43.01 44.65     0 0.000
  0  0 28 0.00 0.00 0.00     0 0.00 0.00 0.00     0 8.55 27.27 30.39     0 0.000
  0  0 28 0.00 0.00 0.00     0 0.00 0.00 0.00     0 8.55 27.27 30.39     0 0.000
  0  0 28 0.00 0.00 0.00     0 0.00 0.00 0.00     0 8.55 27.27 30.39     0 0.000
  0  0 28 0.00 0.00 0.00     0 0.00 0.00 0.00     0 8.55 27.27 30.39     0 0.000
  0  0 28 0.00 0.00 0.00     0 0.00 0.00 0.00     0 8.55 27.27 30.39     0 0.000
  0  0 28 0.00 0.00 0.00     0 0.00 0.00 0.00     0 8.55 27.27 30.39     0 0.000
  0  0 28 0.00 0.00 0.00     0 0.00 0.00 0.00     0 8.55 27.27 30.39     0 0.000
  0  0 28 0.00 0.00 0.00     0 0.00 0.00 0.00     0 8.55 27.27 30.39     0 0.000
  0  0 28 0.00 0.00 0.00     0 0.00 0.00 0.00     0 8.55 27.27 30.39     0 0.000
  0  0 28 0.00 0.00 0.00     0 0.00 0.00 0.00     0 8.55 27.27 30.39     0 0.000
  0  0 28 0.00 0.00 0.00     0 0.00 0.00 0.00     0 8.55 27.27 30.39     0 0.000
  0  0 28 0.00 0.00 0.00     0 0.00 0.00 0.00     0 8.55 27.27 30.34     0 0.000
  0  0 28 0.00 0.00 0.00     0 0.00 0.00 0.00     0 8.55 27.27 30.34     0 0.000
  0  0 28 0.00 0.00 0.00     0 0.00 0.00 0.00     0 8.55 27.27 30.34     0 0.000
  0  0 28 0.00 0.00 0.00     0 0.00 0.00 0.00     0 8.75 26.11 28.91     0 0.000
  0  0 28 0.00 0.00 0.00     0 0.00 0.00 0.00     0 8.75 26.11 28.91     0 0.000
  0  0 28 0.00 0.00 0.00     0 0.00 0.00 0.00     0 8.75 26.11 28.91     0 0.000
  0  0 28 0.00 0.00 0.00     0 0.00 0.00 0.00     0 8.75 26.11 28.91     0 0.000
  0  0 28 0.00 0.00 0.00     0 0.00 0.00 0.00     0 8.75 26.11 28.91     0 0.000
  0  0 28 0.00 0.00 0.00     0 0.00 0.00 0.00     0 8.75 26.11 28.91     0 0.000
  0  0 28 0.00 0.00 0.00     0 0.00 0.00 0.00     0 8.78 25.83 28.70     0 0.000
  0  0 28 0.00 0.00 0.00     0 0.00 0.00 0.00     0 8.78 25.83 28.70     0 0.000
  0  0 28 0.00 0.00 0.00     0 0.00 0.00 0.00     0 8.78 25.83 28.70     0 0.000
  0  0 28 0.00 0.00 0.00     0 0.00 0.00 0.00     0 8.78 25.83 28.70     0 0.000
  0  0 28 0.00 0.00 0.00     0 0.00 0.00 0.00     0 8.55 27.27 30.34     0 0.000
  0  0 28 0.00 0.00 0.00     0 0.00 0.00 0.00     0 8.55 27.27 30.34     0 0.000
  0  0 28 0.00 0.00 0.00     0 0.00 0.00 0.00     0 8.55 27.27 30.34     0 0.000
  0  0 28 0.00 0.00 0.00     0 0.00 0.00 0.00     0 8.55 27.27 30.34     0 0.000
  0  0 28 0.00 0.00 0.00     0 0.00 0.00 0.00     0 8.55 27.27 30.34     0 0.000
  0  0 28 0.00 0.00 0.00     0 0.00 0.00 0.00     0 8.55 27.27 30.34     0 0.000
  0  0 28 0.00 0.00 0.00     0 0.00 0.00 0.00     0 8.55 27.27 30.34     0 0.000
  0  0 28 0.00 0.00 0.00     0 0.00 0.00 0.00     0 8.55 27.27 30.34     0 0.000
  0  0 28 0.00 0.00 0.00     0 0.00 0.00 0.00     0 8.55 27.27 30.34     0 0.000
  0  0 28 0.00 0.00 0.00     0 0.00 0.00 0.00     0 8.55 27.27 30.34     0 0.000
  0  0 28 0.00 0.00 0.00     0 0.00 0.00 0.00     0 8.55 27.27 30.34     0 0.000
  0  0 28 0.00 0.00 0.00     0 0.00 0.00 0.00     0 8.55 27.27 30.34     0 0.000
  0  0 28 0.00 0.00 0.00     0 0.00 0.00 0.00     0 8.55 27.27 30.34     0 0.000
  0  0 28 0.00 0.00 0.00     0 0.00 0.00 0.00     0 8.62 27.07 30.35     0 0.000
  0  0 10 0.00 0.00 0.00     0 0.00 0.00 0.00     0 8.62 26.95 30.23     0 0.000
  0  0 51 0.00 0.00 0.00     0 0.00 0.00 0.00     0 8.87 27.46 30.82     0 0.000
  0  0 40 0.00 0.00 0.00     0 0.00 0.00 0.00     0 8.66 27.30 30.66     0 0.000
  0  0 40 0.00 0.00 0.00     0 0.00 0.00 0.00     0 0.00 0.00 0.00     0 0.000
  0  0 40 0.00 0.00 0.00     0 0.00 0.00 0.00     0 0.00 0.00 0.00     0 0.000
  0  0 30 0.00 0.00 0.00     0 0.00 0.00 0.00     0 0.00 0.00 0.00     0 0.000
  0  0 30 0.00 0.00 0.00     0 0.00 0.00 0.00     0 0.00 0.00 0.00     0 0.000
  0  0 30 0.00 0.00 0.00     0 0.00 0.00 0.00     0 0.00 0.00 0.00     0 0.000
  0  0 30 0.00 0.00 0.00     0 0.00 0.00 0.00     0 0.00 0.00 0.00     0 0.000
  0  0 28 0.00 0.00 0.00     0 0.00 0.00 0.00     0 0.00 0.00 0.00     0 0.000
  0  0 32 0.00 0.00 0.00     0 0.00 0.00 0.00     0 0.00 0.00 0.00     0 0.000
  0  0 28 0.00 0.00 0.00     0 0.00 0.00 0.00     0 0.00 0.00 0.00     0 0.000
  0  0 28 0.00 0.00 0.00     0 0.00 0.00 0.00     0 0.00 0.00 0.00     0 0.000
  0  0 28 0.00 0.00 0.00     0 0.00 0.00 0.00     0 0.00 0.00 0.00     0 0.000
  0  0 28 0.00 0.00 0.00     0 0.00 0.00 0.00     0 0.00 0.00 0.00     0 0.000
  0  0 28 0.00 0.00 0.00     0 0.00 0.00 0.00     0 0.00 0.00 0.00     0 0.000
  0  0 28 0.00 0.00 0.00     0 0.00 0.00 0.00     0 0.00 0.00 0.00     0 0.000
  0  0 28 0.00 0.00 0.00     0 0.00 0.00 0.00     0 0.00 0.00 0.00     0 0.000
  0  0 28 0.00 0.00 0.00     0 0.00 0.00 0.00     0 0.00 0.00 0.00     0 0.000
  0  0 28 0.00 0.00 0.00     0 0.00 0.00 0.00     0 0.00 0.00 0.00     0 0.000
  0  0 28 0.00 0.00 0.00     0 0.00 0.00 0.00     0 0.00 0.00 0.00     0 0.000
  0  0 28 0.00 0.00 0.00     0 0.00 0.00 0.00     0 0.00 0.00 0.00     0 0.000
  0  0 28 0.00 0.00 0.00     0 0.00 0.00 0.00     0 0.00 0.00 0.00     0 0.000
  0  0 28 0.00 0.00 0.00     0 0.00 0.00 0.00     0 0.00 0.00 0.00     0 0.000
  0  0 30 0.00 0.00 0.00     0 0.00 0.00 0.00     0 34.55 40.45 41.90     0 0.104
  0  0 30 0.00 0.00 0.00     0 0.00 0.00 0.00     0 34.55 40.45 41.90     0 0.093
  0  0 28 0.00 0.00 0.00     0 0.00 0.00 0.00     0 0.00 0.00 0.00     0 0.000
  0  0 28 0.00 0.00 0.00     0 0.00 0.00 0.00     0 0.00 0.00 0.00     0 0.000
  0  0 30 0.00 0.00 0.00     0 0.00 0.00 0.00     0 34.55 40.43 41.90     0 0.000
  0  0 30 0.00 0.00 0.00     0 0.00 0.00 0.00     0 34.55 40.43 41.90     0 0.000
  0  0 30 0.00 0.00 0.00     0 0.00 0.00 0.00     0 34.55 40.43 41.90     0 0.000
  0  0 30 0.00 0.00 0.00     0 0.00 0.00 0.00     0 34.55 40.43 41.90     0 0.000
  0  0 30 0.00 0.00 0.00     0 0.00 0.00 0.00     0 34.56 40.44 41.91     0 0.000
  0  0  9 0.00 0.00 0.00     0 0.00 0.00 0.00     0 35.74 39.99 41.19     0 0.000
  0  0  9 0.00 0.00 0.00     0 0.00 0.00 0.00     0 35.74 39.99 41.19     0 0.000
  0  0 28 0.00 0.00 0.00     0 0.00 0.00 0.00     0 0.00 0.00 0.00     0 0.000
  0  0 30 0.00 0.00 0.00     0 0.00 0.00 0.00     0 37.33 41.26 42.67     0 0.000
  0  0 28 0.00 0.00 0.00     0 0.00 0.00 0.00     0 0.00 0.00 0.00     0 0.000
  0  0 30 0.00 0.00 0.00     0 0.00 0.00 0.00     0 37.33 41.26 42.67     0 0.000
  0  0 17 0.00 0.00 0.00     0 0.00 0.00 0.00     0 38.64 40.58 41.66     0 0.000
  0  0 28 0.00 0.00 0.00     0 0.00 0.00 0.00     0 0.00 0.00 0.00     0 0.000
  0  0 30 0.00 0.00 0.00     0 0.00 0.00 0.00     0 37.23 40.99 42.46     0 0.000
  0  0 28 0.00 0.00 0.00     0 0.00 0.00 0.00     0 0.00 0.00 0.00     0 0.000
  0  0 20 0.00 0.00 0.00     0 0.00 0.00 0.00     0 0.00 0.00 0.00     0 0.000
  0  0 30 0.00 0.00 0.00     0 0.00 0.00 0.00     0 38.28 42.23 43.45     0 0.000
  0  0 20 0.00 0.00 0.00     0 0.00 0.00 0.00     0 0.00 0.00 0.00     0 0.000
  0  0 20 0.00 0.00 0.00     0 0.00 0.00 0.00     0 0.00 0.00 0.00     0 0.000
  0  0 20 0.00 0.00 0.00     0 0.00 0.00 0.00     0 0.00 0.00 0.00     0 0.000
  0  0 20 0.00 0.00 0.00     0 0.00 0.00 0.00     0 0.00 0.00 0.00     0 0.000
  0  0 30 0.00 0.00 0.00     0 0.00 0.00 0.00     0 0.00 0.00 0.00     0 0.000
  0  0  0 0.00 0.00 0.00     0 0.00 0.00 0.00     0 0.00 0.00 0.00     0 0.000
  0  0 30 0.00 0.00 0.00     0 0.00 0.00 0.00     0 38.59 42.08 43.17     0 0.000
  0  0  0 0.00 0.00 0.00     0 0.00 0.00 0.00     0 0.00 0.00 0.00     0 0.000
  0  0 30 0.00 0.00 0.00     0 0.00 0.00 0.00     0 38.60 42.07 43.17     0 0.000
  0  0 20 0.00 0.00 0.00     0 0.00 0.00 0.00     0 0.00 0.00 0.00     0 0.000
  0  0 30 0.00 0.00 0.00     0 0.00 0.00 0.00     0 38.25 42.15 43.42     0 0.000
  0  0 28 0.00 0.00 0.00     0 0.00 0.00 0.00     0 0.00 0.00 0.00     0 0.000
  0  0 30 0.00 0.00 0.00     0 0.00 0.00 0.00     0 37.27 40.95 42.42     0 0.000
  0  0 30 0.00 0.00 0.00     0 0.00 0.00 0.00     0 37.27 40.95 42.42     0 0.000
  0  0 17 0.00 0.00 0.00     0 0.00 0.00 0.00     0 38.46 40.31 41.44     0 0.000
  0  0 30 0.00 0.00 0.00     0 0.00 0.00 0.00     0 37.27 40.95 42.42     0 0.000
  0  0 30 0.00 0.00 0.00     0 0.00 0.00 0.00     0 37.27 40.95 42.42     0 0.000
  0  0 30 0.00 0.00 0.00     0 0.00 0.00 0.00     0 37.27 40.95 42.42     0 0.000
  0  0 30 0.00 0.00 0.00     0 0.00 0.00 0.00     0 37.27 40.95 42.42     0 0.000
  0  0 30 0.00 0.00 0.00     0 0.00 0.00 0.00     0 37.27 40.95 42.42     0 0.000
  0  0 30 0.00 0.00 0.00     0 0.00 0.00 0.00     0 37.27 40.95 42.42     0 0.000
  0  0 30 0.00 0.00 0.00     0 0.00 0.00 0.00     0 37.27 40.95 42.42     0 0.000
  0  0 30 0.00 0.00 0.00     0 0.00 0.00 0.00     0 37.27 40.95 42.42     0 0.000
  0  0 30 0.00 0.00 0.00     0 0.00 0.00 0.00     0 37.27 40.95 42.42     0 0.000
  0  0 30 0.00 0.00 0.00     0 0.00 0.00 0.00     0 37.27 40.95 42.42     0 0.000
  0  0 17 0.00 0.00 0.00     0 0.00 0.00 0.00     0 38.46 40.31 41.44     0 0.000
  0  0 17 0.00 0.00 0.00     0 0.00 0.00 0.00     0 38.46 40.31 41.44     0 0.000
  0  0 17 0.00 0.00 0.00     0 0.00 0.00 0.00     0 38.46 40.31 41.44     0 0.000
  0  0 17 0.00 0.00 0.00     0 0.00 0.00 0.00     0 38.46 40.31 41.44     0 0.000
  0  0 30 0.00 0.00 0.00     0 0.00 0.00 0.00     0 37.27 40.95 42.42     0 0.000
  0  0 17 0.00 0.00 0.00     0 0.00 0.00 0.00     0 38.46 40.31 41.44     0 0.000
  0  0 17 0.00 0.00 0.00     0 0.00 0.00 0.00     0 38.46 40.31 41.44     0 0.000
  0  0 30 0.00 0.00 0.00     0 0.00 0.00 0.00     0 37.27 40.95 42.42     0 0.000
  0  0 17 0.00 0.00 0.00     0 0.00 0.00 0.00     0 38.46 40.31 41.44     0 0.000
  0  0 28 0.00 0.00 0.00     0 0.00 0.00 0.00     0 0.00 0.00 0.00     0 0.000
  0  0 30 0.00 0.00 0.00     0 0.00 0.00 0.00     0 37.23 41.01 42.43     0 0.000
  0  0 17 0.00 0.00 0.00     0 0.00 0.00 0.00     0 38.54 40.53 41.65     0 0.000
  0  0 28 0.00 0.00 0.00     0 0.00 0.00 0.00     0 0.00 0.00 0.00     0 0.000
  0  0 30 0.00 0.00 0.00     0 0.00 0.00 0.00     0 37.23 41.01 42.43     0 0.000
  0  0 17 0.00 0.00 0.00     0 0.00 0.00 0.00     0 38.54 40.53 41.65     0 0.000
  0  0 28 0.00 0.00 0.00     0 0.00 0.00 0.00     0 0.00 0.00 0.00     0 0.000
  0  0 30 0.00 0.00 0.00     0 0.00 0.00 0.00     0 37.31 41.16 42.56     0 0.000
  0  0 17 0.00 0.00 0.00     0 0.00 0.00 0.00     0 38.72 40.60 41.70     0 0.000
  0  0 28 0.00 0.00 0.00     0 0.00 0.00 0.00     0 0.00 0.00 0.00     0 0.000
  0  0 30 0.00 0.00 0.00     0 0.00 0.00 0.00     0 37.23 41.01 42.43     0 0.000
  0  0 17 0.00 0.00 0.00     0 0.00 0.00 0.00     0 38.54 40.53 41.65     0 0.000
  0  0 28 0.00 0.00 0.00     0 0.00 0.00 0.00     0 0.00 0.00 0.00     0 0.000
  0  0 30 0.00 0.00 0.00     0 0.00 0.00 0.00     0 37.23 41.01 42.43     0 0.000
  0  0 17 0.00 0.00 0.00     0 0.00 0.00 0.00     0 38.54 40.53 41.65     0 0.000
  0  0 23 0.00 0.00 0.00     0 0.00 0.00 0.00     0 0.00 0.00 0.00     0 0.000
  0  0 30 0.00 0.00 0.00     0 0.00 0.00 0.00     0 38.18 42.32 43.75     0 0.000
  0  0 17 0.00 0.00 0.00     0 0.00 0.00 0.00     0 41.97 43.32 44.18     0 0.000
  0  0 23 0.00 0.00 0.00     0 0.00 0.00 0.00     0 0.00 0.00 0.00     0 0.000
  0  0 30 0.00 0.00 0.00     0 0.00 0.00 0.00     0 38.18 42.32 43.75     0 0.000
  0  0 23 0.00 0.00 0.00     0 0.00 0.00 0.00     0 0.00 0.00 0.00     0 0.000
  0  0 23 0.00 0.00 0.00     0 0.00 0.00 0.00     0 0.00 0.00 0.00     0 0.000
  0  0 28 0.00 0.00 0.00     0 0.00 0.00 0.00     0 0.00 0.00 0.00     0 0.000
  0  0 17 0.00 0.00 0.00     0 0.00 0.00 0.00     0 0.00 0.00 0.00     0 0.000
  0  0 17 0.00 0.00 0.00     0 0.00 0.00 0.00     0 0.00 0.00 0.00     0 0.000
  0  0 17 0.00 0.00 0.00     0 0.00 0.00 0.00     0 0.00 0.00 0.00     0 0.000
  0  0 17 0.00 0.00 0.00     0 0.00 0.00 0.00     0 0.00 0.00 0.00     0 0.000
  0  0 17 0.00 0.00 0.00     0 0.00 0.00 0.00     0 0.00 0.00 0.00     0 0.000
  0  0 17 0.00 0.00 0.00     0 0.00 0.00 0.00     0 0.00 0.00 0.00     0 0.000
  0  0 17 0.00 0.00 0.00     0 0.00 0.00 0.00     0 0.00 0.00 0.00     0 0.000
  0  0 17 0.00 0.00 0.00     0 0.00 0.00 0.00     0 0.00 0.00 0.00     0 0.000
  0  0 17 0.00 0.00 0.00     0 0.00 0.00 0.00     0 0.00 0.00 0.00     0 0.000
  0  0 17 0.00 0.00 0.00     0 0.00 0.00 0.00     0 0.00 0.00 0.00     0 0.000
  0  0 17 0.00 0.00 0.00     0 0.00 0.00 0.00     0 0.00 0.00 0.00     0 0.000
  0  0 17 0.00 0.00 0.00     0 0.00 0.00 0.00     0 0.00 0.00 0.00     0 0.000
  0  0 19 0.00 0.00 0.00     0 0.00 0.00 0.00     0 0.00 0.00 0.00     0 0.000
  0  0 17 0.00 0.00 0.00     0 0.00 0.00 0.00     0 0.00 0.00 0.00     0 0.000
  0  0 17 0.00 0.00 0.00     0 0.00 0.00 0.00     0 0.00 0.00 0.00     0 0.000
  0  0 17 0.00 0.00 0.00     0 0.00 0.00 0.00     0 0.00 0.00 0.00     0 0.000
  0  0 17 0.00 0.00 0.00     0 0.00 0.00 0.00     0 0.00 0.00 0.00     0 0.000
  0  0 17 0.00 0.00 0.00     0 0.00 0.00 0.00     0 0.00 0.00 0.00     0 0.000
  0  0 17 0.00 0.00 0.00     0 0.00 0.00 0.00     0 0.00 0.00 0.00     0 0.000
  0  0 17 0.00 0.00 0.00     0 0.00 0.00 0.00     0 0.00 0.00 0.00     0 0.000
  0  0 17 0.00 0.00 0.00     0 0.00 0.00 0.00     0 0.00 0.00 0.00     0 0.000
  0  0 17 0.00 0.00 0.00     0 0.00 0.00 0.00     0 0.00 0.00 0.00     0 0.000
  0  0 17 0.00 0.00 0.00     0 0.00 0.00 0.00     0 0.00 0.00 0.00     0 0.000
  0  0 17 0.00 0.00 0.00     0 0.00 0.00 0.00     0 0.00 0.00 0.00     0 0.000
  0  0 17 0.00 0.00 0.00     0 0.00 0.00 0.00     0 0.00 0.00 0.00     0 0.000
  0  0 17 0.00 0.00 0.00     0 0.00 0.00 0.00     0 0.00 0.00 0.00     0 0.000
  0  0 17 0.00 0.00 0.00     0 0.00 0.00 0.00     0 0.00 0.00 0.00     0 0.000
  0  0 20 0.00 0.00 0.00     0 0.00 0.00 0.00     0 0.00 0.00 0.00     0 0.000
  0  0 22 0.00 0.00 0.00     0 0.00 0.00 0.00     0 0.00 0.00 0.00     0 0.000
  0  0 21 0.00 0.00 0.00     0 0.00 0.00 0.00     0 0.00 0.00 0.00     0 0.000
  0  0 21 0.00 0.00 0.00     0 0.00 0.00 0.00     0 0.00 0.00 0.00     0 0.000
  0  0 21 0.00 0.00 0.00     0 0.00 0.00 0.00     0 0.00 0.00 0.00     0 0.000
  0  0 20 0.00 0.00 0.00     0 0.00 0.00 0.00     0 0.00 0.00 0.00     0 0.000
  0  0 22 0.00 0.00 0.00     0 0.00 0.00 0.00     0 0.00 0.00 0.00     0 0.000
  0  0 21 0.00 0.00 0.00     0 0.00 0.00 0.00     0 0.00 0.00 0.00     0 0.000
  0  0 21 0.00 0.00 0.00     0 0.00 0.00 0.00     0 0.00 0.00 0.00     0 0.000
  0  0 21 0.00 0.00 0.00     0 0.00 0.00 0.00     0 0.00 0.00 0.00     0 0.000
  0  0 20 0.00 0.00 0.00     0 0.00 0.00 0.00     0 0.00 0.00 0.00     0 0.000
  0  0 22 0.00 0.00 0.00     0 0.00 0.00 0.00     0 0.00 0.00 0.00     0 0.000
  0  0 21 0.00 0.00 0.00     0 0.00 0.00 0.00     0 0.00 0.00 0.00     0 0.000
  0  0 21 0.00 0.00 0.00     0 0.00 0.00 0.00     0 0.00 0.00 0.00     0 0.000
  0  0 21 0.00 0.00 0.00     0 0.00 0.00 0.00     0 0.00 0.00 0.00     0 0.000
  0  0 23 0.00 0.00 0.00     0 0.00 0.00 0.00     0 0.00 0.00 0.00     0 0.000
  0  0 22 0.00 0.00 0.00     0 0.00 0.00 0.00     0 0.00 0.00 0.00     0 0.000
  0  0 21 0.00 0.00 0.00     0 0.00 0.00 0.00     0 0.00 0.00 0.00     0 0.000
  0  0 21 0.00 0.00 0.00     0 0.00 0.00 0.00     0 0.00 0.00 0.00     0 0.000
  0  0 21 0.00 0.00 0.00     0 0.00 0.00 0.00     0 0.00 0.00 0.00     0 0.000
  0  0 25 0.00 0.00 0.00     0 0.00 0.00 0.00     0 0.00 0.00 0.00     0 0.000
  0  0 23 0.00 0.00 0.00     0 0.00 0.00 0.00     0 0.00 0.00 0.00     0 0.000
  0  0 24 0.00 0.00 0.00     0 0.00 0.00 0.00     0 0.00 0.00 0.00     0 0.000
  0  0 23 0.00 0.00 0.00     0 0.00 0.00 0.00     0 0.00 0.00 0.00     0 0.000
  0  0 22 0.00 0.00 0.00     0 0.00 0.00 0.00     0 0.00 0.00 0.00     0 0.000
  0  0 22 0.00 0.00 0.00     0 0.00 0.00 0.00     0 0.00 0.00 0.00     0 0.000
  0  0 22 0.00 0.00 0.00     0 0.00 0.00 0.00     0 0.00 0.00 0.00     0 0.000
  0  0 24 0.00 0.00 0.00     0 0.00 0.00 0.00     0 0.00 0.00 0.00     0 0.000
  0  0 23 0.00 0.00 0.00     0 0.00 0.00 0.00     0 0.00 0.00 0.00     0 0.000
  0  0 22 0.00 0.00 0.00     0 0.00 0.00 0.00     0 0.00 0.00 0.00     0 0.000
  0  0 22 0.00 0.00 0.00     0 0.00 0.00 0.00     0 0.00 0.00 0.00     0 0.000
  0  0 22 0.00 0.00 0.00     0 0.00 0.00 0.00     0 0.00 0.00 0.00     0 0.000
  0  0 21 0.00 0.00 0.00     0 0.00 0.00 0.00     0 0.00 0.00 0.00     0 0.000
  0  0 17 0.00 0.00 0.00     0 0.00 0.00 0.00     0 0.00 0.00 0.00     0 0.000
  0  0 21 0.00 0.00 0.00     0 0.00 0.00 0.00     0 0.00 0.00 0.00     0 0.000
  0  0 21 0.00 0.00 0.00     0 0.00 0.00 0.00     0 0.00 0.00 0.00     0 0.000
  0  0 21 0.00 0.00 0.00     0 0.00 0.00 0.00     0 0.00 0.00 0.00     0 0.000
  0  0 21 0.00 0.00 0.00     0 0.00 0.00 0.00     0 0.00 0.00 0.00     0 0.000
  0  0 21 0.00 0.00 0.00     0 0.00 0.00 0.00     0 0.00 0.00 0.00     0 0.000
  0  0 21 0.00 0.00 0.00     0 0.00 0.00 0.00     0 0.00 0.00 0.00     0 0.000
  0  0 21 0.00 0.00 0.00     0 0.00 0.00 0.00     0 0.00 0.00 0.00     0 0.000
  0  0 17 0.00 0.00 0.00     0 0.00 0.00 0.00     0 0.00 0.00 0.00     0 0.000
  0  0 51 0.00 0.00 0.00     0 0.00 0.00 0.00     0 0.00 0.00 0.00     0 0.000
  0  0 41 0.00 0.00 0.00     0 0.00 0.00 0.00     0 0.00 0.00 0.00     0 0.000
  0  0 38 0.00 0.00 0.00     0 0.00 0.00 0.00     0 0.00 0.00 0.00     0 0.000
  0  0 28 0.00 0.00 0.00     0 0.00 0.00 0.00     0 0.00 0.00 0.00     0 0.000
  0  0 17 0.00 0.00 0.00     0 0.00 0.00 0.00     0 0.00 0.00 0.00     0 0.000
  0  0 40 0.00 0.00 0.00     0 0.00 0.00 0.00     0 0.00 0.00 0.00     0 0.000
  0  0 24 0.00 0.00 0.00     0 0.00 0.00 0.00     0 0.00 0.00 0.00     0 0.000
  0  0 51 0.00 0.00 0.00     0 0.00 0.00 0.00     0 0.00 0.00 0.00     0 0.000
  0  0 51 0.00 0.00 0.00     0 0.00 0.00 0.00     0 0.00 0.00 0.00     0 0.000
  0  0 17 0.00 0.00 0.00     0 0.00 0.00 0.00     0 0.00 0.00 0.00     0 0.000
  0  0 51 0.00 0.00 0.00     0 0.00 0.00 0.00     0 0.00 0.00 0.00     0 0.000
  0  0 51 0.00 0.00 0.00     0 0.00 0.00 0.00     0 0.00 0.00 0.00     0 0.000
  0  0 51 0.00 0.00 0.00     0 0.00 0.00 0.00     0 0.00 0.00 0.00     0 0.000
  0  0 28 0.00 0.00 0.00     0 0.00 0.00 0.00     0 0.00 0.00 0.00     0 0.000
  0  0 17 0.00 0.00 0.00     0 0.00 0.00 0.00     0 0.00 0.00 0.00     0 0.000
  0  0 51 0.00 0.00 0.00     0 0.00 0.00 0.00     0 0.00 0.00 0.00     0 0.000
  0  0 51 0.00 0.00 0.00     0 0.00 0.00 0.00     0 0.00 0.00 0.00     0 0.000
  0  0 38 0.00 0.00 0.00     0 0.00 0.00 0.00     0 0.00 0.00 0.00     0 0.000
  0  0 28 0.00 0.00 0.00     0 0.00 0.00 0.00     0 0.00 0.00 0.00     0 0.000
  0  0 17 0.00 0.00 0.00     0 0.00 0.00 0.00     0 0.00 0.00 0.00     0 0.000
  0  0 51 0.00 0.00 0.00     0 0.00 0.00 0.00     0 0.00 0.00 0.00     0 0.000
  0  0 51 0.00 0.00 0.00     0 0.00 0.00 0.00     0 0.00 0.00 0.00     0 0.000
  0  0 51 0.00 0.00 0.00     0 0.00 0.00 0.00     0 0.00 0.00 0.00     0 0.000
  0  0 48 0.00 0.00 0.00     0 0.00 0.00 0.00     0 0.00 0.00 0.00     0 0.000
  0  0 17 0.00 0.00 0.00     0 0.00 0.00 0.00     0 0.00 0.00 0.00     0 0.000
  0  0 21 0.00 0.00 0.00     0 0.00 0.00 0.00     0 0.00 0.00 0.00     0 0.000
  0  0 21 0.00 0.00 0.00     0 0.00 0.00 0.00     0 0.00 0.00 0.00     0 0.000
  0  0 21 0.00 0.00 0.00     0 0.00 0.00 0.00     0 0.00 0.00 0.00     0 0.000
  0  0 21 0.00 0.00 0.00     0 0.00 0.00 0.00     0 0.00 0.00 0.00     0 0.000
  0  0 17 0.00 0.00 0.00     0 0.00 0.00 0.00     0 0.00 0.00 0.00     0 0.000
  0  0 21 0.00 0.00 0.00     0 0.00 0.00 0.00     0 0.00 0.00 0.00     0 0.000
  0  0 21 0.00 0.00 0.00     0 0.00 0.00 0.00     0 0.00 0.00 0.00     0 0.000
  0  0 21 0.00 0.00 0.00     0 0.00 0.00 0.00     0 0.00 0.00 0.00     0 0.000
  0  0 21 0.00 0.00 0.00     0 0.00 0.00 0.00     0 0.00 0.00 0.00     0 0.000
  0  0 17 0.00 0.00 0.00     0 0.00 0.00 0.00     0 0.00 0.00 0.00     0 0.000
  0  0 21 0.00 0.00 0.00     0 0.00 0.00 0.00     0 0.00 0.00 0.00     0 0.000
  0  0 21 0.00 0.00 0.00     0 0.00 0.00 0.00     0 0.00 0.00 0.00     0 0.000
  0  0 21 0.00 0.00 0.00     0 0.00 0.00 0.00     0 0.00 0.00 0.00     0 0.000
  0  0 21 0.00 0.00 0.00     0 0.00 0.00 0.00     0 0.00 0.00 0.00     0 0.000
  0  0 17 0.00 0.00 0.00     0 0.00 0.00 0.00     0 0.00 0.00 0.00     0 0.000
  0  0 21 0.00 0.00 0.00     0 0.00 0.00 0.00     0 0.00 0.00 0.00     0 0.000
  0  0 21 0.00 0.00 0.00     0 0.00 0.00 0.00     0 0.00 0.00 0.00     0 0.000
  0  0 17 0.00 0.00 0.00     0 0.00 0.00 0.00     0 0.00 0.00 0.00     0 0.000
  0  0 17 0.00 0.00 0.00     0 0.00 0.00 0.00     0 0.00 0.00 0.00     0 0.000
  0  0 17 0.00 0.00 0.00     0 0.00 0.00 0.00     0 0.00 0.00 0.00     0 0.000
  0  0 51 0.00 0.00 0.00     0 0.00 0.00 0.00     0 0.00 0.00 0.00     0 0.000
  0  0 30 0.00 0.00 0.00     0 0.00 0.00 0.00     0 0.00 0.00 0.00     0 0.000
  0  0 17 0.00 0.00 0.00     0 0.00 0.00 0.00     0 0.00 0.00 0.00     0 0.000
  0  0 17 0.00 0.00 0.00     0 0.00 0.00 0.00     0 0.00 0.00 0.00     0 0.000
  0  0 17 0.00 0.00 0.00     0 0.00 0.00 0.00     0 0.00 0.00 0.00     0 0.000
  0  0 51 0.00 0.00 0.00     0 0.00 0.00 0.00     0 0.00 0.00 0.00     0 0.000
  0  0 51 0.00 0.00 0.00     0 0.00 0.00 0.00     0 0.00 0.00 0.00     0 0.000
  0  0 17 0.00 0.00 0.00     0 0.00 0.00 0.00     0 0.00 0.00 0.00     0 0.000
  0  0 17 0.00 0.00 0.00     0 0.00 0.00 0.00     0 0.00 0.00 0.00     0 0.000
  0  0 17 0.00 0.00 0.00     0 0.00 0.00 0.00     0 0.00 0.00 0.00     0 0.000
  0  0 51 0.00 0.00 0.00     0 0.00 0.00 0.00     0 0.00 0.00 0.00     0 0.000
  0  0 51 0.00 0.00 0.00     0 0.00 0.00 0.00     0 0.00 0.00 0.00     0 0.000
  0  0 17 0.00 0.00 0.00     0 0.00 0.00 0.00     0 0.00 0.00 0.00     0 0.000
  0  0 17 0.00 0.00 0.00     0 0.00 0.00 0.00     0 0.00 0.00 0.00     0 0.000
  0  0 17 0.00 0.00 0.00     0 0.00 0.00 0.00     0 0.00 0.00 0.00     0 0.000
  0  0 23 0.00 0.00 0.00     0 0.00 0.00 0.00     0 0.00 0.00 0.00     0 0.000
  0  0 51 0.00 0.00 0.00     0 0.00 0.00 0.00     0 0.00 0.00 0.00     0 0.000
  0  0 17 0.00 0.00 0.00     0 0.00 0.00 0.00     0 0.00 0.00 0.00     0 0.000
  0  0 17 0.00 0.00 0.00     0 0.00 0.00 0.00     0 0.00 0.00 0.00     0 0.000
  0  0 17 0.00 0.00 0.00     0 0.00 0.00 0.00     0 0.00 0.00 0.00     0 0.000
  0  0 20 0.00 0.00 0.00     0 0.00 0.00 0.00     0 0.00 0.00 0.00     0 0.000
  0  0 28 0.00 0.00 0.00     0 0.00 0.00 0.00     0 0.00 0.00 0.00     0 0.000
  0  0 36 0.00 0.00 0.00     0 0.00 0.00 0.00     0 0.00 0.00 0.00     0 0.000
  0  0 44 0.00 0.00 0.00     0 0.00 0.00 0.00     0 0.00 0.00 0.00     0 0.000
  0  0 51 0.00 0.00 0.00     0 0.00 0.00 0.00     0 0.00 0.00 0.00     0 0.000
  0  0 15 0.00 0.00 0.00     0 0.00 0.00 0.00     0 0.00 0.00 0.00     0 0.000
  0  0 31 0.00 0.00 0.00     0 0.00 0.00 0.00     0 0.00 0.00 0.00     0 0.000
  0  0 31 0.00 0.00 0.00     0 0.00 0.00 0.00     0 0.00 0.00 0.00     0 0.000
  0  0 31 0.00 0.00 0.00     0 0.00 0.00 0.00     0 0.00 0.00 0.00     0 0.000
  0  0 31 0.00 0.00 0.00     0 0.00 0.00 0.00     0 0.00 0.00 0.00     0 0.000
  0  0 20 0.00 0.00 0.00     0 0.00 0.00 0.00     0 0.00 0.00 0.00     0 0.000
  0  0 28 0.00 0.00 0.00     0 0.00 0.00 0.00     0 0.00 0.00 0.00     0 0.000
  0  0 36 0.00 0.00 0.00     0 0.00 0.00 0.00     0 0.00 0.00 0.00     0 0.000
  0  0 44 0.00 0.00 0.00     0 0.00 0.00 0.00     0 0.00 0.00 0.00     0 0.000
  0  0 51 0.00 0.00 0.00     0 0.00 0.00 0.00     0 0.00 0.00 0.00     0 0.000
  0  0 25 0.00 0.00 0.00     0 0.00 0.00 0.00     0 0.00 0.00 0.00     0 0.000
  0  0 25 0.00 0.00 0.00     0 0.00 0.00 0.00     0 0.00 0.00 0.00     0 0.000
  0  0 21 0.00 0.00 0.00     0 0.00 0.00 0.00     0 0.00 0.00 0.00     0 0.000
  0  0 17 0.00 0.00 0.00     0 0.00 0.00 0.00     0 0.00 0.00 0.00     0 0.000
  0  0 25 0.00 0.00 0.00     0 0.00 0.00 0.00     0 0.00 0.00 0.00     0 0.000
  0  0 23 0.00 0.00 0.00     0 0.00 0.00 0.00     0 0.00 0.00 0.00     0 0.000
  0  0 23 0.00 0.00 0.00     0 0.00 0.00 0.00     0 0.00 0.00 0.00     0 0.000
  0  0 21 0.00 0.00 0.00     0 0.00 0.00 0.00     0 0.00 0.00 0.00     0 0.000
  0  0 17 0.00 0.00 0.00     0 0.00 0.00 0.00     0 0.00 0.00 0.00     0 0.000
  0  0 30 0.00 0.00 0.00     0 0.00 0.00 0.00     0 0.00 0.00 0.00     0 0.000
  0  0 20 0.00 0.00 0.00     0 0.00 0.00 0.00     0 0.00 0.00 0.00     0 0.000
  0  0 28 0.00 0.00 0.00     0 0.00 0.00 0.00     0 0.00 0.00 0.00     0 0.000
  0  0 36 0.00 0.00 0.00     0 0.00 0.00 0.00     0 0.00 0.00 0.00     0 0.000
  0  0 44 0.00 0.00 0.00     0 0.00 0.00 0.00     0 0.00 0.00 0.00     0 0.000
  0  0 51 0.00 0.00 0.00     0 0.00 0.00 0.00     0 0.00 0.00 0.00     0 0.000
  0  0  6 0.00 0.00 0.00     0 0.00 0.00 0.00     0 0.00 0.00 0.00     0 0.000
  0  0 12 0.00 0.00 0.00     0 0.00 0.00 0.00     0 0.00 0.00 0.00     0 0.000
  0  0 18 0.00 0.00 0.00     0 0.00 0.00 0.00     0 0.00 0.00 0.00     0 0.000
  0  0 24 0.00 0.00 0.00     0 0.00 0.00 0.00     0 0.00 0.00 0.00     0 0.000
  0  0 30 0.00 0.00 0.00     0 0.00 0.00 0.00     0 0.00 0.00 0.00     0 0.000
  0  0  8 0.00 0.00 0.00     0 0.00 0.00 0.00     0 0.00 0.00 0.00     0 0.000
  0  0 10 0.00 0.00 0.00     0 0.00 0.00 0.00     0 0.00 0.00 0.00     0 0.000
  0  0 12 0.00 0.00 0.00     0 0.00 0.00 0.00     0 0.00 0.00 0.00     0 0.000
  0  0 14 0.00 0.00 0.00     0 0.00 0.00 0.00     0 0.00 0.00 0.00     0 0.000
  0  0 16 0.00 0.00 0.00     0 0.00 0.00 0.00     0 0.00 0.00 0.00     0 0.000
  0  0  8 0.00 0.00 0.00     0 0.00 0.00 0.00     0 0.00 0.00 0.00     0 0.000
  0  0 16 0.00 0.00 0.00     0 0.00 0.00 0.00     0 0.00 0.00 0.00     0 0.000
  0  0 24 0.00 0.00 0.00     0 0.00 0.00 0.00     0 0.00 0.00 0.00     0 0.000
  0  0 32 0.00 0.00 0.00     0 0.00 0.00 0.00     0 0.00 0.00 0.00     0 0.000
  0  0 40 0.00 0.00 0.00     0 0.00 0.00 0.00     0 0.00 0.00 0.00     0 0.000
  0  0 30 0.00 0.00 0.00     0 0.00 0.00 0.00     0 0.00 0.00 0.00     0 0.000
  0  0 36 0.00 0.00 0.00     0 0.00 0.00 0.00     0 0.00 0.00 0.00     0 0.000
  0  0 42 0.00 0.00 0.00     0 0.00 0.00 0.00     0 0.00 0.00 0.00     0 0.000
  0  0 48 0.00 0.00 0.00     0 0.00 0.00 0.00     0 0.00 0.00 0.00     0 0.000
  0  0 51 0.00 0.00 0.00     0 0.00 0.00 0.00     0 0.00 0.00 0.00     0 0.000
  0  0 30 0.00 0.00 0.00     0 0.00 0.00 0.00     0 0.00 0.00 0.00     0 0.000
  0  0 36 0.00 0.00 0.00     0 0.00 0.00 0.00     0 0.00 0.00 0.00     0 0.000
  0  0 42 0.00 0.00 0.00     0 0.00 0.00 0.00     0 0.00 0.00 0.00     0 0.000
  0  0 48 0.00 0.00 0.00     0 0.00 0.00 0.00     0 0.00 0.00 0.00     0 0.000
  0  0 51 0.00 0.00 0.00     0 0.00 0.00 0.00     0 0.00 0.00 0.00     0 0.000
  0  0 30 0.00 0.00 0.00     0 0.00 0.00 0.00     0 0.00 0.00 0.00     0 0.000
  0  0 36 0.00 0.00 0.00     0 0.00 0.00 0.00     0 0.00 0.00 0.00     0 0.000
  0  0 42 0.00 0.00 0.00     0 0.00 0.00 0.00     0 0.00 0.00 0.00     0 0.000
  0  0 48 0.00 0.00 0.00     0 0.00 0.00 0.00     0 0.00 0.00 0.00     0 0.000
  0  0 51 0.00 0.00 0.00     0 0.00 0.00 0.00     0 0.00 0.00 0.00     0 0.000
  0  0 20 0.00 0.00 0.00     0 0.00 0.00 0.00     0 0.00 0.00 0.00     0 0.000
  0  0 40 0.00 0.00 0.00     0 0.00 0.00 0.00     0 0.00 0.00 0.00     0 0.000
  0  0 42 0.00 0.00 0.00     0 0.00 0.00 0.00     0 0.00 0.00 0.00     0 0.000
  0  0 44 0.00 0.00 0.00     0 0.00 0.00 0.00     0 0.00 0.00 0.00     0 0.000
  0  0 51 0.00 0.00 0.00     0 0.00 0.00 0.00     0 0.00 0.00 0.00     0 0.000
  0  0 23 0.00 0.00 0.00     0 0.00 0.00 0.00     0 0.00 0.00 0.00     0 0.000
  0  0 42 0.00 0.00 0.00     0 0.00 0.00 0.00     0 0.00 0.00 0.00     0 0.000
  0  0 42 0.00 0.00 0.00     0 0.00 0.00 0.00     0 0.00 0.00 0.00     0 0.000
  0  0 42 0.00 0.00 0.00     0 0.00 0.00 0.00     0 0.00 0.00 0.00     0 0.000
  0  0 42 0.00 0.00 0.00     0 0.00 0.00 0.00     0 0.00 0.00 0.00     0 0.000
  0  0 23 0.00 0.00 0.00     0 0.00 0.00 0.00     0 0.00 0.00 0.00     0 0.000
  0  0 42 0.00 0.00 0.00     0 0.00 0.00 0.00     0 27.85 36.34 38.09     0 0.000
  0  0 42 0.00 0.00 0.00     0 0.00 0.00 0.00     0 27.85 36.34 38.09     0 0.000
  0  0 42 0.00 0.00 0.00     0 0.00 0.00 0.00     0 27.85 36.34 38.09     0 0.000
  0  0 23 0.00 0.00 0.00     0 0.00 0.00 0.00     0 0.00 0.00 0.00     0 0.000
  0  0 42 0.00 0.00 0.00     0 0.00 0.00 0.00     0 27.84 36.30 38.14     0 0.000
  0  0 42 0.00 0.00 0.00     0 0.00 0.00 0.00     0 27.85 36.34 38.09     0 0.000
  0  0 42 0.00 0.00 0.00     0 0.00 0.00 0.00     0 27.82 36.35 38.19     0 0.000
  0  0 23 0.00 0.00 0.00     0 0.00 0.00 0.00     0 0.00 0.00 0.00     0 0.000
  0  0 42 0.00 0.00 0.00     0 0.00 0.00 0.00     0 27.84 36.30 38.14     0 0.000
  0  0 42 0.00 0.00 0.00     0 0.00 0.00 0.00     0 27.85 36.34 38.09     0 0.000
  0  0 42 0.00 0.00 0.00     0 0.00 0.00 0.00     0 27.82 36.35 38.19     0 0.000
  0  0 42 0.00 0.00 0.00     0 0.00 0.00 0.00     0 27.85 36.34 38.09     0 0.000
  0  0 42 0.00 0.00 0.00     0 0.00 0.00 0.00     0 27.86 36.36 38.17     0 0.000
  0  0 42 0.00 0.00 0.00     0 0.00 0.00 0.00     0 27.89 36.43 38.14     0 0.000
  0  0 42 0.00 0.00 0.00     0 0.00 0.00 0.00     0 27.97 36.46 38.23     0 0.000
  0  0 42 0.00 0.00 0.00     0 0.00 0.00 0.00     0 27.97 36.44 38.20     0 0.000
  0  0 42 0.00 0.00 0.00     0 0.00 0.00 0.00     0 27.75 36.30 38.06     0 0.000
  0  0 42 0.00 0.00 0.00     0 0.00 0.00 0.00     0 27.83 36.30 38.13     0 0.000
  0  0 42 0.00 0.00 0.00     0 0.00 0.00 0.00     0 27.88 36.34 38.16     0 0.000
  0  0 42 0.00 0.00 0.00     0 0.00 0.00 0.00     0 27.97 36.46 38.23     0 0.000
  0  0 42 0.00 0.00 0.00     0 0.00 0.00 0.00     0 27.97 36.44 38.20     0 0.000
  0  0 40 0.00 0.00 0.00     0 0.00 0.00 0.00     0 0.00 0.00 0.00     0 0.000
  0  0 42 0.00 0.00 0.00     0 0.00 0.00 0.00     0 28.78 37.33 38.71     0 0.000
  0  0 42 0.00 0.00 0.00     0 0.00 0.00 0.00     0 28.78 37.33 38.71     0 0.000
  0  0 42 0.00 0.00 0.00     0 0.00 0.00 0.00     0 28.78 37.33 38.71     0 0.000
  0  0 50 0.00 0.00 0.00     0 0.00 0.00 0.00     0 0.00 0.00 0.00     0 0.000
  0  0 42 0.00 0.00 0.00     0 0.00 0.00 0.00     0 24.55 35.50 37.24     0 0.000
  0  0 42 0.00 0.00 0.00     0 0.00 0.00 0.00     0 24.55 35.50 37.24     0 0.000
  0  0 42 0.00 0.00 0.00     0 0.00 0.00 0.00     0 24.55 35.50 37.24     0 0.000
  0  0 45 0.00 0.00 0.00     0 0.00 0.00 0.00     0 0.00 0.00 0.00     0 0.000
  0  0 42 0.00 0.00 0.00     0 0.00 0.00 0.00     0 27.16 36.30 37.67     0 0.000
  0  0 42 0.00 0.00 0.00     0 0.00 0.00 0.00     0 27.16 36.30 37.67     0 0.000
  0  0 42 0.00 0.00 0.00     0 0.00 0.00 0.00     0 27.16 36.30 37.67     0 0.000
  0  0 45 0.00 0.00 0.00     0 0.00 0.00 0.00     0 0.00 0.00 0.00     0 0.000
  0  0 42 0.00 0.00 0.00     0 0.00 0.00 0.00     0 27.43 36.30 37.54     0 0.000
  0  0 42 0.00 0.00 0.00     0 0.00 0.00 0.00     0 27.43 36.30 37.54     0 0.000
  0  0 42 0.00 0.00 0.00     0 0.00 0.00 0.00     0 27.43 36.30 37.54     0 0.000
  0  0 45 0.00 0.00 0.00     0 0.00 0.00 0.00     0 0.00 0.00 0.00     0 0.000
  0  0 45 0.00 0.00 0.00     0 0.00 0.00 0.00     0 0.00 0.00 0.00     0 0.000
  0  0 42 0.00 0.00 0.00     0 0.00 0.00 0.00     0 27.16 36.30 37.67     0 0.000
  0  0 42 0.00 0.00 0.00     0 0.00 0.00 0.00     0 27.16 36.30 37.67     0 0.000
  0  0 42 0.00 0.00 0.00     0 0.00 0.00 0.00     0 27.16 36.30 37.67     0 0.000
  0  0 45 0.00 0.00 0.00     0 0.00 0.00 0.00     0 0.00 0.00 0.00     0 0.000
  0  0 45 0.00 0.00 0.00     0 0.00 0.00 0.00     0 0.00 0.00 0.00     0 0.000
  0  0 42 0.00 0.00 0.00     0 0.00 0.00 0.00     0 27.43 36.30 37.54     0 0.000
  0  0 42 0.00 0.00 0.00     0 0.00 0.00 0.00     0 27.43 36.30 37.54     0 0.000
  0  0 42 0.00 0.00 0.00     0 0.00 0.00 0.00     0 27.43 36.30 37.54     0 0.000
  0  0 45 0.00 0.00 0.00     0 0.00 0.00 0.00     0 0.00 0.00 0.00     0 0.000
  0  0 42 0.00 0.00 0.00     0 0.00 0.00 0.00     0 27.07 35.76 37.23     0 0.000
  0  0 42 0.00 0.00 0.00     0 0.00 0.00 0.00     0 27.07 35.76 37.23     0 0.000
  0  0 42 0.00 0.00 0.00     0 0.00 0.00 0.00     0 27.07 35.76 37.23     0 0.000
  0  0 30 0.00 0.00 0.00     0 0.00 0.00 0.00     0 0.00 0.00 0.00     0 0.000
  0  0 42 0.00 0.00 0.00     0 0.00 0.00 0.00     0 28.24 37.77 39.45     0 0.000
  0  0 42 0.00 0.00 0.00     0 0.00 0.00 0.00     0 28.24 37.77 39.45     0 0.000
  0  0 42 0.00 0.00 0.00     0 0.00 0.00 0.00     0 28.24 37.77 39.45     0 0.000
  0  0 30 0.00 0.00 0.00     0 0.00 0.00 0.00     0 0.00 0.00 0.00     0 0.000
  0  0 42 0.00 0.00 0.00     0 0.00 0.00 0.00     0 28.24 37.77 39.45     0 0.000
  0  0 42 0.00 0.00 0.00     0 0.00 0.00 0.00     0 28.24 37.77 39.45     0 0.000
  0  0 42 0.00 0.00 0.00     0 0.00 0.00 0.00     0 28.24 37.77 39.45     0 0.000
  0  0 30 0.00 0.00 0.00     0 0.00 0.00 0.00     0 0.00 0.00 0.00     0 0.000
  0  0 42 0.00 0.00 0.00     0 0.00 0.00 0.00     0 28.24 37.77 39.45     0 0.000
  0  0 42 0.00 0.00 0.00     0 0.00 0.00 0.00     0 28.24 37.77 39.45     0 0.000
  0  0 42 0.00 0.00 0.00     0 0.00 0.00 0.00     0 28.24 37.77 39.45     0 0.000
  0  0 25 0.00 0.00 0.00     0 0.00 0.00 0.00     0 0.00 0.00 0.00     0 0.000
  0  0 42 0.00 0.00 0.00     0 0.00 0.00 0.00     0 27.92 36.74 38.63     0 0.000
  0  0 42 0.00 0.00 0.00     0 0.00 0.00 0.00     0 27.92 36.74 38.63     0 0.000
  0  0 42 0.00 0.00 0.00     0 0.00 0.00 0.00     0 27.92 36.74 38.63     0 0.000
  0  0 25 0.00 0.00 0.00     0 0.00 0.00 0.00     0 0.00 0.00 0.00     0 0.000
  0  0 42 0.00 0.00 0.00     0 0.00 0.00 0.00     0 27.87 36.50 38.29     0 0.000
  0  0 42 0.00 0.00 0.00     0 0.00 0.00 0.00     0 27.87 36.50 38.29     0 0.000
  0  0 42 0.00 0.00 0.00     0 0.00 0.00 0.00     0 27.87 36.50 38.29     0 0.000
  0  0 25 0.00 0.00 0.00     0 0.00 0.00 0.00     0 0.00 0.00 0.00     0 0.000
  0  0 42 0.00 0.00 0.00     0 0.00 0.00 0.00     0 27.92 36.72 38.62     0 0.000
  0  0 42 0.00 0.00 0.00     0 0.00 0.00 0.00     0 27.92 36.72 38.62     0 0.000
  0  0 42 0.00 0.00 0.00     0 0.00 0.00 0.00     0 27.92 36.72 38.62     0 0.000
  0  0 25 0.00 0.00 0.00     0 0.00 0.00 0.00     0 0.00 0.00 0.00     0 0.000
  0  0 42 0.00 0.00 0.00     0 0.00 0.00 0.00     0 27.87 36.50 38.29     0 0.000
  0  0 42 0.00 0.00 0.00     0 0.00 0.00 0.00     0 27.87 36.50 38.29     0 0.000
  0  0 42 0.00 0.00 0.00     0 0.00 0.00 0.00     0 27.87 36.50 38.29     0 0.000
  0  0 30 0.00 0.00 0.00     0 0.00 0.00 0.00     0 35.59 39.67 41.30     0 0.000
  0  0 30 0.00 0.00 0.00     0 0.00 0.00 0.00     0 35.95 39.87 41.67     0 0.000
  0  0 30 0.00 0.00 0.00     0 0.00 0.00 0.00     0 36.02 40.03 41.74     0 0.000
  0  0 30 0.00 0.00 0.00     0 0.00 0.00 0.00     0 35.90 40.47 42.15     0 0.000
  0  0 30 0.00 0.00 0.00     0 0.00 0.00 0.00     0 35.93 40.52 42.15     0 0.000
  0  0 30 0.00 0.00 0.00     0 0.00 0.00 0.00     0 35.59 39.67 41.30     0 0.000
  0  0 30 0.00 0.00 0.00     0 0.00 0.00 0.00     0 35.95 39.87 41.67     0 0.000
  0  0 30 0.00 0.00 0.00     0 0.00 0.00 0.00     0 36.02 40.03 41.74     0 0.000
  0  0 30 0.00 0.00 0.00     0 0.00 0.00 0.00     0 35.90 40.47 42.15     0 0.000
  0  0 30 0.00 0.00 0.00     0 0.00 0.00 0.00     0 35.93 40.52 42.15     0 0.000
  0  0 25 0.00 0.00 0.00     0 0.00 0.00 0.00     0 0.00 0.00 0.00     0 0.000
  0  0 42 0.00 0.00 0.00     0 0.00 0.00 0.00     0 27.26 35.82 37.60     0 0.000
  0  0 42 0.00 0.00 0.00     0 0.00 0.00 0.00     0 27.81 36.54 38.36     0 0.000
  0  0 42 0.00 0.00 0.00     0 0.00 0.00 0.00     0 27.81 36.45 38.42     0 0.000
  0  0 27 0.00 0.00 0.00     0 0.00 0.00 0.00     0 14.84 29.54 31.17     0 0.000
  0  0 30 0.00 0.00 0.00     0 0.00 0.00 0.00     0 15.37 29.93 31.60     0 0.000
  0  0 30 0.00 0.00 0.00     0 0.00 0.00 0.00     0 15.89 30.32 32.04     0 0.000
  0  0 30 0.00 0.00 0.00     0 0.00 0.00 0.00     0 16.30 30.54 32.35     0 0.000
  0  0 30 0.00 0.00 0.00     0 0.00 0.00 0.00     0 16.65 30.73 32.65     0 0.000
  0  0 30 0.00 0.00 0.00     0 0.00 0.00 0.00     0 35.53 39.71 41.30     0 0.000
  0  0 30 0.00 0.00 0.00     0 0.00 0.00 0.00     0 35.53 39.71 41.30     0 0.000
  0  0 27 0.00 0.00 0.00     0 0.00 0.00 0.00     0 14.56 29.32 30.93     0 0.000
  0  0 27 0.00 0.00 0.00     0 0.00 0.00 0.00     0 14.56 29.31 30.86     0 0.000
  0  0 27 0.00 0.00 0.00     0 0.00 0.00 0.00     0 14.56 29.32 30.87     0 0.000
  0  0 25 0.00 0.00 0.00     0 0.00 0.00 0.00     0 0.00 0.00 0.00     0 0.000
  0  0 20 0.00 0.00 0.00     0 0.00 0.00 0.00     0 40.45 42.26 43.26     0 0.000
  0  0 30 0.00 0.00 0.00     0 0.00 0.00 0.00     0 35.92 40.49 42.15     0 0.000
  0  0 42 0.00 0.00 0.00     0 0.00 0.00 0.00     0 27.83 36.42 38.44     0 0.000
  0  0 12 0.00 0.00 0.00     0 0.00 0.00 0.00     0 41.12 42.06 42.94     0 0.000
  0  0 20 0.00 0.00 0.00     0 0.00 0.00 0.00     0 40.61 42.28 43.28     0 0.000
  0  0 28 0.00 0.00 0.00     0 0.00 0.00 0.00     0 37.37 41.19 42.69     0 0.000
  0  0 36 0.00 0.00 0.00     0 0.00 0.00 0.00     0 31.93 38.45 40.34     0 0.000
  0  0 44 0.00 0.00 0.00     0 0.00 0.00 0.00     0 26.50 35.97 37.89     0 0.000
  0  0 44 0.00 0.00 0.00     0 0.00 0.00 0.00     0 26.50 35.97 37.89     0 0.000
  0  0 36 0.00 0.00 0.00     0 0.00 0.00 0.00     0 31.93 38.45 40.34     0 0.000
  0  0 28 0.00 0.00 0.00     0 0.00 0.00 0.00     0 37.37 41.19 42.69     0 0.000
  0  0 20 0.00 0.00 0.00     0 0.00 0.00 0.00     0 40.61 42.28 43.28     0 0.000
  0  0 12 0.00 0.00 0.00     0 0.00 0.00 0.00     0 41.12 42.06 42.94     0 0.000
  0  0 44 0.00 0.00 0.00     0 0.00 0.00 0.00     0 26.50 35.97 37.89     0 0.000
  0  0 36 0.00 0.00 0.00     0 0.00 0.00 0.00     0 31.93 38.45 40.34     0 0.000
  0  0 28 0.00 0.00 0.00     0 0.00 0.00 0.00     0 37.37 41.19 42.69     0 0.000
  0  0 20 0.00 0.00 0.00     0 0.00 0.00 0.00     0 40.61 42.28 43.28     0 0.000
  0  0 12 0.00 0.00 0.00     0 0.00 0.00 0.00     0 41.12 42.06 42.94     0 0.000
  0  0 44 0.00 0.00 0.00     0 0.00 0.00 0.00     0 26.50 35.97 37.89     0 0.000
  0  0 12 0.00 0.00 0.00     0 0.00 0.00 0.00     0 41.12 42.06 42.94     0 0.000
  0  0 44 0.00 0.00 0.00     0 0.00 0.00 0.00     0 26.50 35.97 37.89     0 0.000
  0  0 12 0.00 0.00 0.00     0 0.00 0.00 0.00     0 41.12 42.06 42.94     0 0.000
  0  0 44 0.00 0.00 0.00     0 0.00 0.00 0.00     0 26.50 35.97 37.89     0 0.000
  0  0 44 0.00 0.00 0.00     0 0.00 0.00 0.00     0 26.50 35.97 37.89     0 0.000
  0  0 12 0.00 0.00 0.00     0 0.00 0.00 0.00     0 41.12 42.06 42.94     0 0.000
  0  0 44 0.00 0.00 0.00     0 0.00 0.00 0.00     0 26.50 35.97 37.89     0 0.000
  0  0 12 0.00 0.00 0.00     0 0.00 0.00 0.00     0 41.12 42.06 42.94     0 0.000
  0  0 44 0.00 0.00 0.00     0 0.00 0.00 0.00     0 26.50 35.97 37.89     0 0.000
  0  0 44 0.00 0.00 0.00     0 0.00 0.00 0.00     0 26.50 35.97 37.89     0 0.000
  0  0 12 0.00 0.00 0.00     0 0.00 0.00 0.00     0 41.12 42.06 42.94     0 0.000
  0  0 44 0.00 0.00 0.00     0 0.00 0.00 0.00     0 26.50 35.97 37.89     0 0.000
  0  0 12 0.00 0.00 0.00     0 0.00 0.00 0.00     0 41.12 42.06 42.94     0 0.000
  0  0 44 0.00 0.00 0.00     0 0.00 0.00 0.00     0 26.50 35.97 37.89     0 0.000
  0  0 25 0.00 0.00 0.00     0 0.00 0.00 0.00     0 0.00 0.00 0.00     0 0.000
  0  0 20 0.00 0.00 0.00     0 0.00 0.00 0.00     0 40.45 42.26 43.26     0 0.000
  0  0 30 0.00 0.00 0.00     0 0.00 0.00 0.00     0 35.92 40.49 42.15     0 0.000
  0  0 42 0.00 0.00 0.00     0 0.00 0.00 0.00     0 27.83 36.42 38.44     0 0.000
  0  0 28 0.00 0.00 0.00     0 0.00 0.00 0.00     0 0.00 0.00 0.00     0 0.000
  0  0 28 0.00 0.00 0.00     0 0.00 0.00 0.00     0 36.90 40.50 42.19     0 0.000
  0  0 30 0.00 0.00 0.00     0 0.00 0.00 0.00     0 35.95 40.73 42.34     0 0.000
  0  0 32 0.00 0.00 0.00     0 0.00 0.00 0.00     0 34.74 40.53 42.02     0 0.000
  0  0 28 0.00 0.00 0.00     0 0.00 0.00 0.00     0 0.00 0.00 0.00     0 0.000
  0  0 28 0.00 0.00 0.00     0 0.00 0.00 0.00     0 37.17 40.85 42.34     0 0.000
  0  0 30 0.00 0.00 0.00     0 0.00 0.00 0.00     0 35.92 40.69 42.32     0 0.000
  0  0 32 0.00 0.00 0.00     0 0.00 0.00 0.00     0 34.72 40.49 42.03     0 0.000
  0  0 44 0.00 0.00 0.00     0 0.00 0.00 0.00     0 26.58 36.45 38.52     0 0.000
  0  0 31 0.00 0.00 0.00     0 0.00 0.00 0.00     0 37.36 40.90 42.31     0 0.000
  0  0 44 0.00 0.00 0.00     0 0.00 0.00 0.00     0 26.58 36.45 38.52     0 0.000
  0  0 12 0.00 0.00 0.00     0 0.00 0.00 0.00     0 38.61 40.15 41.28     0 0.000
  0  0 44 0.00 0.00 0.00     0 0.00 0.00 0.00     0 26.58 36.45 38.52     0 0.000
  0  0 31 0.00 0.00 0.00     0 0.00 0.00 0.00     0 37.36 40.90 42.31     0 0.000
  0  0 44 0.00 0.00 0.00     0 0.00 0.00 0.00     0 26.58 36.45 38.52     0 0.000
  0  0 12 0.00 0.00 0.00     0 0.00 0.00 0.00     0 38.61 40.15 41.28     0 0.000
  0  0 44 0.00 0.00 0.00     0 0.00 0.00 0.00     0 26.58 36.45 38.52     0 0.000
  0  0 31 0.00 0.00 0.00     0 0.00 0.00 0.00     0 37.36 40.90 42.31     0 0.000
  0  0 44 0.00 0.00 0.00     0 0.00 0.00 0.00     0 26.58 36.45 38.52     0 0.000
  0  0 12 0.00 0.00 0.00     0 0.00 0.00 0.00     0 38.61 40.15 41.28     0 0.000
  0  0 44 0.00 0.00 0.00     0 0.00 0.00 0.00     0 26.58 36.45 38.52     0 0.000
  0  0 31 0.00 0.00 0.00     0 0.00 0.00 0.00     0 37.36 40.90 42.31     0 0.000
  0  0 44 0.00 0.00 0.00     0 0.00 0.00 0.00     0 26.58 36.45 38.52     0 0.000
  0  0 12 0.00 0.00 0.00     0 0.00 0.00 0.00     0 38.61 40.15 41.28     0 0.000
  0  0 44 0.00 0.00 0.00     0 0.00 0.00 0.00     0 26.58 36.45 38.52     0 0.000
  0  0 51 0.00 0.00 0.00     0 0.00 0.00 0.00     0 9.01 26.71 29.85     0 0.000
  0  0 44 0.00 0.00 0.00     0 0.00 0.00 0.00     0 26.58 36.45 38.52     0 0.000
  0  0 12 0.00 0.00 0.00     0 0.00 0.00 0.00     0 38.61 40.15 41.28     0 0.000
  0  0 44 0.00 0.00 0.00     0 0.00 0.00 0.00     0 26.58 36.45 38.52     0 0.000
  0  0 17 0.00 0.00 0.00     0 0.00 0.00 0.00     0 38.50 40.32 41.46     0 0.000
  0  0 44 0.00 0.00 0.00     0 0.00 0.00 0.00     0 26.58 36.45 38.52     0 0.000
  0  0 12 0.00 0.00 0.00     0 0.00 0.00 0.00     0 38.61 40.15 41.28     0 0.000
  0  0 44 0.00 0.00 0.00     0 0.00 0.00 0.00     0 26.58 36.45 38.52     0 0.000
  0  0 17 0.00 0.00 0.00     0 0.00 0.00 0.00     0 38.46 40.29 41.45     0 0.000
  0  0 17 0.00 0.00 0.00     0 0.00 0.00 0.00     0 38.50 40.32 41.46     0 0.000
  0  0 44 0.00 0.00 0.00     0 0.00 0.00 0.00     0 26.58 36.45 38.52     0 0.000
  0  0 12 0.00 0.00 0.00     0 0.00 0.00 0.00     0 38.61 40.15 41.28     0 0.000
  0  0 44 0.00 0.00 0.00     0 0.00 0.00 0.00     0 26.58 36.45 38.52     0 0.000
  0  0 17 0.00 0.00 0.00     0 0.00 0.00 0.00     0 38.46 40.29 41.45     0 0.000
  0  0 19 0.00 0.00 0.00     0 0.00 0.00 0.00     0 38.46 40.30 41.43     0 0.000
  0  0 44 0.00 0.00 0.00     0 0.00 0.00 0.00     0 26.58 36.45 38.52     0 0.000
  0  0 12 0.00 0.00 0.00     0 0.00 0.00 0.00     0 38.61 40.15 41.28     0 0.000
  0  0 44 0.00 0.00 0.00     0 0.00 0.00 0.00     0 26.58 36.45 38.52     0 0.000
  0  0 32 0.00 0.00 0.00     0 0.00 0.00 0.00     0 0.00 0.00 0.00     0 0.000
  0  0 17 0.00 0.00 0.00     0 0.00 0.00 0.00     0 35.54 38.61 39.97     0 0.000
  0  0 17 0.00 0.00 0.00     0 0.00 0.00 0.00     0 35.59 38.64 39.99     0 0.000
  0  0 19 0.00 0.00 0.00     0 0.00 0.00 0.00     0 35.54 38.61 39.96     0 0.000
  0  0 32 0.00 0.00 0.00     0 0.00 0.00 0.00     0 0.00 0.00 0.00     0 0.000
  0  0 17 0.00 0.00 0.00     0 0.00 0.00 0.00     0 35.54 38.61 39.97     0 0.000
  0  0 17 0.00 0.00 0.00     0 0.00 0.00 0.00     0 35.59 38.64 39.99     0 0.000
  0  0 19 0.00 0.00 0.00     0 0.00 0.00 0.00     0 35.54 38.61 39.96     0 0.000
  0  0 32 0.00 0.00 0.00     0 0.00 0.00 0.00     0 0.00 0.00 0.00     0 0.000
  0  0 17 0.00 0.00 0.00     0 0.00 0.00 0.00     0 35.54 38.61 39.97     0 0.000
  0  0 17 0.00 0.00 0.00     0 0.00 0.00 0.00     0 35.59 38.64 39.99     0 0.000
  0  0 19 0.00 0.00 0.00     0 0.00 0.00 0.00     0 35.54 38.61 39.96     0 0.000
  0  0 32 0.00 0.00 0.00     0 0.00 0.00 0.00     0 0.00 0.00 0.00     0 0.000
  0  0 17 0.00 0.00 0.00     0 0.00 0.00 0.00     0 35.54 38.61 39.97     0 0.000
  0  0 17 0.00 0.00 0.00     0 0.00 0.00 0.00     0 35.59 38.64 39.99     0 0.000
  0  0 19 0.00 0.00 0.00     0 0.00 0.00 0.00     0 35.54 38.61 39.96     0 0.000
  0  0 32 0.00 0.00 0.00     0 0.00 0.00 0.00     0 0.00 0.00 0.00     0 0.000
  0  0 17 0.00 0.00 0.00     0 0.00 0.00 0.00     0 35.48 38.66 39.94     0 0.000
  0  0 17 0.00 0.00 0.00     0 0.00 0.00 0.00     0 35.52 38.67 39.97     0 0.000
  0  0 19 0.00 0.00 0.00     0 0.00 0.00 0.00     0 35.48 38.65 39.94     0 0.000
  0  0 32 0.00 0.00 0.00     0 0.00 0.00 0.00     0 0.00 0.00 0.00     0 0.000
  0  0 17 0.00 0.00 0.00     0 0.00 0.00 0.00     0 35.48 38.66 39.94     0 0.000
  0  0 17 0.00 0.00 0.00     0 0.00 0.00 0.00     0 35.52 38.67 39.97     0 0.000
  0  0 19 0.00 0.00 0.00     0 0.00 0.00 0.00     0 35.48 38.65 39.94     0 0.000
  0  0 32 0.00 0.00 0.00     0 0.00 0.00 0.00     0 12.00 24.89 26.47     0 0.000
  0  0 17 0.00 0.00 0.00     0 0.00 0.00 0.00     0 36.04 39.32 40.63     0 0.000
  0  0 17 0.00 0.00 0.00     0 0.00 0.00 0.00     0 36.09 39.34 40.65     0 0.000
  0  0 19 0.00 0.00 0.00     0 0.00 0.00 0.00     0 36.04 39.32 40.62     0 0.000
  0  0 32 0.00 0.00 0.00     0 0.00 0.00 0.00     0 12.92 26.70 28.45     0 0.000
  0  0 17 0.00 0.00 0.00     0 0.00 0.00 0.00     0 36.37 39.59 40.84     0 0.000
  0  0 17 0.00 0.00 0.00     0 0.00 0.00 0.00     0 36.41 39.61 40.85     0 0.000
  0  0 19 0.00 0.00 0.00     0 0.00 0.00 0.00     0 36.36 39.59 40.83     0 0.000
  0  0 32 0.00 0.00 0.00     0 0.00 0.00 0.00     0 0.00 0.00 0.00     0 0.000
  0  0 17 0.00 0.00 0.00     0 0.00 0.00 0.00     0 34.89 38.45 39.81     0 0.000
  0  0 17 0.00 0.00 0.00     0 0.00 0.00 0.00     0 34.93 38.47 39.84     0 0.000
  0  0 19 0.00 0.00 0.00     0 0.00 0.00 0.00     0 34.88 38.45 39.81     0 0.000
  0  0 32 0.00 0.00 0.00     0 0.00 0.00 0.00     0 0.00 0.00 0.00     0 0.000
  0  0 17 0.00 0.00 0.00     0 0.00 0.00 0.00     0 34.89 38.45 39.81     0 0.000
  0  0 17 0.00 0.00 0.00     0 0.00 0.00 0.00     0 34.93 38.47 39.84     0 0.000
  0  0 19 0.00 0.00 0.00     0 0.00 0.00 0.00     0 34.88 38.45 39.81     0 0.000
  0  0 51 0.00 0.00 0.00     0 0.00 0.00 0.00     0 0.00 0.00 0.00     0 0.000
  0  0 17 0.00 0.00 0.00     0 0.00 0.00 0.00     0 23.23 33.35 35.02     0 0.000
  0  0 17 0.00 0.00 0.00     0 0.00 0.00 0.00     0 23.23 33.36 35.03     0 0.000
  0  0 19 0.00 0.00 0.00     0 0.00 0.00 0.00     0 23.23 33.35 35.02     0 0.000
  0  0 12 0.00 0.00 0.00     0 0.00 0.00 0.00     0 0.00 0.00 0.00     0 0.000
  0  0 17 0.00 0.00 0.00     0 0.00 0.00 0.00     0 43.86 45.84 46.56     0 0.000
  0  0 17 0.00 0.00 0.00     0 0.00 0.00 0.00     0 43.64 45.77 46.48     0 0.000
  0  0 19 0.00 0.00 0.00     0 0.00 0.00 0.00     0 43.86 45.85 46.55     0 0.000
  0  0 14 0.00 0.00 0.00     0 0.00 0.00 0.00     0 0.00 0.00 0.00     0 0.000
  0  0 17 0.00 0.00 0.00     0 0.00 0.00 0.00     0 43.22 44.96 45.77     0 0.000
  0  0 17 0.00 0.00 0.00     0 0.00 0.00 0.00     0 43.07 44.93 45.69     0 0.000
  0  0 19 0.00 0.00 0.00     0 0.00 0.00 0.00     0 43.23 44.97 45.75     0 0.000
  0  0 28 0.00 0.00 0.00     0 0.00 0.00 0.00     0 0.00 0.00 0.00     0 0.000
  0  0 14 0.00 0.00 0.00     0 0.00 0.00 0.00     0 0.00 0.00 0.00     0 0.000
  0  0 17 0.00 0.00 0.00     0 0.00 0.00 0.00     0 43.22 44.96 45.77     0 0.000
  0  0 17 0.00 0.00 0.00     0 0.00 0.00 0.00     0 43.07 44.93 45.69     0 0.000
  0  0 19 0.00 0.00 0.00     0 0.00 0.00 0.00     0 43.23 44.97 45.75     0 0.000
  0  0 14 0.00 0.00 0.00     0 0.00 0.00 0.00     0 0.00 0.00 0.00     0 0.000
  0  0 14 0.00 0.00 0.00     0 0.00 0.00 0.00     0 0.00 0.00 0.00     0 0.000
  0  0 17 0.00 0.00 0.00     0 0.00 0.00 0.00     0 43.22 44.96 45.77     0 0.000
  0  0 17 0.00 0.00 0.00     0 0.00 0.00 0.00     0 43.07 44.93 45.69     0 0.000
  0  0 19 0.00 0.00 0.00     0 0.00 0.00 0.00     0 43.23 44.97 45.75     0 0.000
  0  0 18 0.00 0.00 0.00     0 0.00 0.00 0.00     0 43.10 44.88 45.70     0 0.000
  0  0 22 0.00 0.00 0.00     0 0.00 0.00 0.00     0 41.49 44.08 45.10     0 0.000
  0  0 26 0.00 0.00 0.00     0 0.00 0.00 0.00     0 38.78 42.29 43.51     0 0.000
  0  0 30 0.00 0.00 0.00     0 0.00 0.00 0.00     0 35.85 40.03 41.49     0 0.000
  0  0 34 0.00 0.00 0.00     0 0.00 0.00 0.00     0 33.24 38.52 40.08     0 0.000
  0  0 12 0.00 0.00 0.00     0 0.00 0.00 0.00     0 44.20 45.10 45.81     0 0.000
  0  0 16 0.00 0.00 0.00     0 0.00 0.00 0.00     0 43.64 45.09 45.78     0 0.000
  0  0 20 0.00 0.00 0.00     0 0.00 0.00 0.00     0 42.35 44.48 45.36     0 0.000
  0  0 24 0.00 0.00 0.00     0 0.00 0.00 0.00     0 40.20 43.28 44.36     0 0.000
  0  0 28 0.00 0.00 0.00     0 0.00 0.00 0.00     0 37.41 41.04 42.38     0 0.000
  0  0 12 0.00 0.00 0.00     0 0.00 0.00 0.00     0 44.20 45.10 45.81     0 0.000
  0  0 16 0.00 0.00 0.00     0 0.00 0.00 0.00     0 43.64 45.09 45.78     0 0.000
  0  0 20 0.00 0.00 0.00     0 0.00 0.00 0.00     0 42.35 44.48 45.36     0 0.000
  0  0 24 0.00 0.00 0.00     0 0.00 0.00 0.00     0 40.20 43.28 44.36     0 0.000
  0  0 28 0.00 0.00 0.00     0 0.00 0.00 0.00     0 37.41 41.04 42.38     0 0.000
  0  0 51 0.00 0.00 0.00     0 0.00 0.00 0.00     0 22.64 34.18 36.19     0 0.000
  0  0 16 0.00 0.00 0.00     0 0.00 0.00 0.00     0 43.64 45.09 45.78     0 0.000
  0  0 20 0.00 0.00 0.00     0 0.00 0.00 0.00     0 42.35 44.48 45.36     0 0.000
  0  0 24 0.00 0.00 0.00     0 0.00 0.00 0.00     0 40.20 43.28 44.36     0 0.000
  0  0 28 0.00 0.00 0.00     0 0.00 0.00 0.00     0 37.41 41.04 42.38     0 0.000
  0  0 12 0.00 0.00 0.00     0 0.00 0.00 0.00     0 44.20 45.10 45.81     0 0.000
  0  0 32 0.00 0.00 0.00     0 0.00 0.00 0.00     0 34.50 39.49 40.97     0 0.000
  0  0 36 0.00 0.00 0.00     0 0.00 0.00 0.00     0 31.85 38.04 39.73     0 0.000
  0  0 40 0.00 0.00 0.00     0 0.00 0.00 0.00     0 29.08 36.54 38.29     0 0.000
  0  0 44 0.00 0.00 0.00     0 0.00 0.00 0.00     0 26.45 35.62 37.45     0 0.000
  0  0 51 0.00 0.00 0.00     0 0.00 0.00 0.00     0 22.64 34.18 36.19     0 0.000
  0  0 32 0.00 0.00 0.00     0 0.00 0.00 0.00     0 34.50 39.49 40.97     0 0.000
  0  0 36 0.00 0.00 0.00     0 0.00 0.00 0.00     0 31.85 38.04 39.73     0 0.000
  0  0 40 0.00 0.00 0.00     0 0.00 0.00 0.00     0 29.08 36.54 38.29     0 0.000
  0  0 44 0.00 0.00 0.00     0 0.00 0.00 0.00     0 26.45 35.62 37.45     0 0.000
  0  0 12 0.00 0.00 0.00     0 0.00 0.00 0.00     0 44.20 45.10 45.81     0 0.000
  0  0 48 0.00 0.00 0.00     0 0.00 0.00 0.00     0 24.19 34.75 36.61     0 0.000
  0  0 36 0.00 0.00 0.00     0 0.00 0.00 0.00     0 31.85 38.04 39.73     0 0.000
  0  0 40 0.00 0.00 0.00     0 0.00 0.00 0.00     0 29.08 36.54 38.29     0 0.000
  0  0 51 0.00 0.00 0.00     0 0.00 0.00 0.00     0 22.64 34.18 36.19     0 0.000
  0  0  0 0.00 0.00 0.00     0 0.00 0.00 0.00     0 44.84 45.24 45.96     0 0.000
  0  0 12 0.00 0.00 0.00     0 0.00 0.00 0.00     0 44.20 45.10 45.81     0 0.000
  0  0 24 0.00 0.00 0.00     0 0.00 0.00 0.00     0 40.20 43.28 44.36     0 0.000
  0  0 36 0.00 0.00 0.00     0 0.00 0.00 0.00     0 31.85 38.04 39.73     0 0.000
  0  0 51 0.00 0.00 0.00     0 0.00 0.00 0.00     0 22.64 34.18 36.19     0 0.000
  0  0  0 0.00 0.00 0.00     0 0.00 0.00 0.00     0 44.84 45.24 45.96     0 0.000
  0  0 12 0.00 0.00 0.00     0 0.00 0.00 0.00     0 44.20 45.10 45.81     0 0.000
  0  0 24 0.00 0.00 0.00     0 0.00 0.00 0.00     0 40.20 43.28 44.36     0 0.000
  0  0 36 0.00 0.00 0.00     0 0.00 0.00 0.00     0 31.85 38.04 39.73     0 0.000
  0  0 51 0.00 0.00 0.00     0 0.00 0.00 0.00     0 22.64 34.18 36.19     0 0.000
  0  0  0 0.00 0.00 0.00     0 0.00 0.00 0.00     0 44.84 45.24 45.96     0 0.000
  0  0 12 0.00 0.00 0.00     0 0.00 0.00 0.00     0 44.20 45.10 45.81     0 0.000
  0  0 24 0.00 0.00 0.00     0 0.00 0.00 0.00     0 40.20 43.28 44.36     0 0.000
  0  0 36 0.00 0.00 0.00     0 0.00 0.00 0.00     0 31.85 38.04 39.73     0 0.000
  0  0 51 0.00 0.00 0.00     0 0.00 0.00 0.00     0 22.64 34.18 36.19     0 0.000
  0  0  0 0.00 0.00 0.00     0 0.00 0.00 0.00     0 44.84 45.24 45.96     0 0.000
  0  0  4 0.00 0.00 0.00     0 0.00 0.00 0.00     0 44.72 45.22 45.93     0 0.000
  0  0  8 0.00 0.00 0.00     0 0.00 0.00 0.00     0 44.52 45.15 45.84     0 0.000
  0  0 12 0.00 0.00 0.00     0 0.00 0.00 0.00     0 44.20 45.10 45.81     0 0.000
  0  0 51 0.00 0.00 0.00     0 0.00 0.00 0.00     0 22.64 34.18 36.19     0 0.000
  0  0  0 0.00 0.00 0.00     0 0.00 0.00 0.00     0 44.84 45.24 45.96     0 0.000
  0  0  4 0.00 0.00 0.00     0 0.00 0.00 0.00     0 44.72 45.22 45.93     0 0.000
  0  0  8 0.00 0.00 0.00     0 0.00 0.00 0.00     0 44.52 45.15 45.84     0 0.000
  0  0 12 0.00 0.00 0.00     0 0.00 0.00 0.00     0 44.20 45.10 45.81     0 0.000
  0  0 16 0.00 0.00 0.00     0 0.00 0.00 0.00     0 43.64 45.09 45.78     0 0.000
  0  0  0 0.00 0.00 0.00     0 0.00 0.00 0.00     0 44.84 45.24 45.96     0 0.000
  0  0  4 0.00 0.00 0.00     0 0.00 0.00 0.00     0 44.72 45.22 45.93     0 0.000
  0  0  8 0.00 0.00 0.00     0 0.00 0.00 0.00     0 44.52 45.15 45.84     0 0.000
  0  0 12 0.00 0.00 0.00     0 0.00 0.00 0.00     0 44.20 45.10 45.81     0 0.000
  0  0 16 0.00 0.00 0.00     0 0.00 0.00 0.00     0 43.64 45.09 45.78     0 0.000
  0  0 16 0.00 0.00 0.00     0 0.00 0.00 0.00     0 43.64 45.09 45.78     0 0.000
  0  0 20 0.00 0.00 0.00     0 0.00 0.00 0.00     0 42.35 44.48 45.36     0 0.000
  0  0 24 0.00 0.00 0.00     0 0.00 0.00 0.00     0 40.20 43.28 44.36     0 0.000
  0  0 28 0.00 0.00 0.00     0 0.00 0.00 0.00     0 37.41 41.04 42.38     0 0.000
  0  0 32 0.00 0.00 0.00     0 0.00 0.00 0.00     0 34.50 39.49 40.97     0 0.000
  0  0  0 0.00 0.00 0.00     0 0.00 0.00 0.00     0 44.84 45.24 45.96     0 0.000
  0  0  4 0.00 0.00 0.00     0 0.00 0.00 0.00     0 44.72 45.22 45.93     0 0.000
  0  0  8 0.00 0.00 0.00     0 0.00 0.00 0.00     0 44.52 45.15 45.84     0 0.000
  0  0 12 0.00 0.00 0.00     0 0.00 0.00 0.00     0 44.20 45.10 45.81     0 0.000
  0  0 16 0.00 0.00 0.00     0 0.00 0.00 0.00     0 43.64 45.09 45.78     0 0.000
  0  0  0 0.00 0.00 0.00     0 0.00 0.00 0.00     0 44.84 45.24 45.96     0 0.000
  0  0  4 0.00 0.00 0.00     0 0.00 0.00 0.00     0 44.72 45.22 45.93     0 0.000
  0  0  8 0.00 0.00 0.00     0 0.00 0.00 0.00     0 44.52 45.15 45.84     0 0.000
  0  0 12 0.00 0.00 0.00     0 0.00 0.00 0.00     0 44.20 45.10 45.81     0 0.000
  0  0 51 0.00 0.00 0.00     0 0.00 0.00 0.00     0 22.64 34.18 36.19     0 0.000
  0  0  0 0.00 0.00 0.00     0 0.00 0.00 0.00     0 44.84 45.24 45.96     0 0.000
  0  0 20 0.00 0.00 0.00     0 0.00 0.00 0.00     0 42.35 44.48 45.36     0 0.000
  0  0 24 0.00 0.00 0.00     0 0.00 0.00 0.00     0 40.20 43.28 44.36     0 0.000
  0  0 28 0.00 0.00 0.00     0 0.00 0.00 0.00     0 37.41 41.04 42.38     0 0.000
  0  0 32 0.00 0.00 0.00     0 0.00 0.00 0.00     0 34.50 39.49 40.97     0 0.000
  0  0  0 0.00 0.00 0.00     0 0.00 0.00 0.00     0 44.84 45.24 45.96     0 0.000
  0  0 36 0.00 0.00 0.00     0 0.00 0.00 0.00     0 31.85 38.04 39.73     0 0.000
  0  0 40 0.00 0.00 0.00     0 0.00 0.00 0.00     0 29.08 36.54 38.29     0 0.000
  0  0 44 0.00 0.00 0.00     0 0.00 0.00 0.00     0 26.45 35.62 37.45     0 0.000
  0  0 48 0.00 0.00 0.00     0 0.00 0.00 0.00     0 24.19 34.75 36.61     0 0.000
  0  0  0 0.00 0.00 0.00     0 0.00 0.00 0.00     0 44.84 45.24 45.96     0 0.000
  0  0 36 0.00 0.00 0.00     0 0.00 0.00 0.00     0 31.85 38.04 39.73     0 0.000
  0  0 40 0.00 0.00 0.00     0 0.00 0.00 0.00     0 29.08 36.54 38.29     0 0.000
  0  0 44 0.00 0.00 0.00     0 0.00 0.00 0.00     0 26.45 35.62 37.45     0 0.000
  0  0 51 0.00 0.00 0.00     0 0.00 0.00 0.00     0 22.64 34.18 36.19     0 0.000
  0  0  0 0.00 0.00 0.00     0 0.00 0.00 0.00     0 0.00 0.00 0.00     0 0.000
  0  0  4 0.00 0.00 0.00     0 0.00 0.00 0.00     0 0.00 0.00 0.00     0 0.000
  0  0  8 0.00 0.00 0.00     0 0.00 0.00 0.00     0 0.00 0.00 0.00     0 0.000
  0  0 12 0.00 0.00 0.00     0 0.00 0.00 0.00     0 0.00 0.00 0.00     0 0.000
  0  0 16 0.00 0.00 0.00     0 0.00 0.00 0.00     0 0.00 0.00 0.00     0 0.000
  0  0  0 0.00 0.00 0.00     0 0.00 0.00 0.00     0 0.00 0.00 0.00     0 0.000
  0  0  4 0.00 0.00 0.00     0 0.00 0.00 0.00     0 0.00 0.00 0.00     0 0.000
  0  0  8 0.00 0.00 0.00     0 0.00 0.00 0.00     0 0.00 0.00 0.00     0 0.000
  0  0 12 0.00 0.00 0.00     0 0.00 0.00 0.00     0 0.00 0.00 0.00     0 0.000
  0  0 51 0.00 0.00 0.00     0 0.00 0.00 0.00     0 0.00 0.00 0.00     0 0.000
  0  0  0 0.00 0.00 0.00     0 0.00 0.00 0.00     0 0.00 0.00 0.00     0 0.000
  0  0  4 0.00 0.00 0.00     0 0.00 0.00 0.00     0 0.00 0.00 0.00     0 0.000
  0  0  8 0.00 0.00 0.00     0 0.00 0.00 0.00     0 0.00 0.00 0.00     0 0.000
  0  0 12 0.00 0.00 0.00     0 0.00 0.00 0.00     0 0.00 0.00 0.00     0 0.000
  0  0 51 0.00 0.00 0.00     0 0.00 0.00 0.00     0 0.00 0.00 0.00     0 0.000
  0  0 16 0.00 0.00 0.00     0 0.00 0.00 0.00     0 0.00 0.00 0.00     0 0.000
  0  0 20 0.00 0.00 0.00     0 0.00 0.00 0.00     0 0.00 0.00 0.00     0 0.000
  0  0 24 0.00 0.00 0.00     0 0.00 0.00 0.00     0 0.00 0.00 0.00     0 0.000
  0  0 28 0.00 0.00 0.00     0 0.00 0.00 0.00     0 0.00 0.00 0.00     0 0.000
  0  0 32 0.00 0.00 0.00     0 0.00 0.00 0.00     0 0.00 0.00 0.00     0 0.000
  0  0 36 0.00 0.00 0.00     0 0.00 0.00 0.00     0 0.00 0.00 0.00     0 0.000
  0  0 40 0.00 0.00 0.00     0 0.00 0.00 0.00     0 0.00 0.00 0.00     0 0.000
  0  0 44 0.00 0.00 0.00     0 0.00 0.00 0.00     0 0.00 0.00 0.00     0 0.000
  0  0 48 0.00 0.00 0.00     0 0.00 0.00 0.00     0 0.00 0.00 0.00     0 0.000
  0  0 51 0.00 0.00 0.00     0 0.00 0.00 0.00     0 0.00 0.00 0.00     0 0.000
  0  0  0 0.00 0.00 0.00     0 0.00 0.00 0.00     0 0.00 0.00 0.00     0 0.000
  0  0  4 0.00 0.00 0.00     0 0.00 0.00 0.00     0 0.00 0.00 0.00     0 0.000
  0  0  8 0.00 0.00 0.00     0 0.00 0.00 0.00     0 0.00 0.00 0.00     0 0.000
  0  0 12 0.00 0.00 0.00     0 0.00 0.00 0.00     0 0.00 0.00 0.00     0 0.000
  0  0 51 0.00 0.00 0.00     0 0.00 0.00 0.00     0 0.00 0.00 0.00     0 0.000
  0  0 16 0.00 0.00 0.00     0 0.00 0.00 0.00     0 0.00 0.00 0.00     0 0.000
  0  0 20 0.00 0.00 0.00     0 0.00 0.00 0.00     0 0.00 0.00 0.00     0 0.000
  0  0 24 0.00 0.00 0.00     0 0.00 0.00 0.00     0 0.00 0.00 0.00     0 0.000
  0  0 28 0.00 0.00 0.00     0 0.00 0.00 0.00     0 0.00 0.00 0.00     0 0.000
  0  0 32 0.00 0.00 0.00     0 0.00 0.00 0.00     0 0.00 0.00 0.00     0 0.000
  0  0 36 0.00 0.00 0.00     0 0.00 0.00 0.00     0 0.00 0.00 0.00     0 0.000
  0  0 40 0.00 0.00 0.00     0 0.00 0.00 0.00     0 0.00 0.00 0.00     0 0.000
  0  0 44 0.00 0.00 0.00     0 0.00 0.00 0.00     0 0.00 0.00 0.00     0 0.000
  0  0 48 0.00 0.00 0.00     0 0.00 0.00 0.00     0 0.00 0.00 0.00     0 0.000
  0  0 51 0.00 0.00 0.00     0 0.00 0.00 0.00     0 0.00 0.00 0.00     0 0.000
  0  0 20 0.00 0.00 0.00     0 0.00 0.00 0.00     0 0.00 0.00 0.00     0 0.000
  0  0 24 0.00 0.00 0.00     0 0.00 0.00 0.00     0 0.00 0.00 0.00     0 0.000
  0  0 28 0.00 0.00 0.00     0 0.00 0.00 0.00     0 0.00 0.00 0.00     0 0.000
  0  0 30 0.00 0.00 0.00     0 0.00 0.00 0.00     0 0.00 0.00 0.00     0 0.000
  0  0 34 0.00 0.00 0.00     0 0.00 0.00 0.00     0 0.00 0.00 0.00     0 0.000
  0  0  0 0.00 0.00 0.00     0 0.00 0.00 0.00     0 0.00 0.00 0.00     0 0.000
  0  0  4 0.00 0.00 0.00     0 0.00 0.00 0.00     0 0.00 0.00 0.00     0 0.000
  0  0  8 0.00 0.00 0.00     0 0.00 0.00 0.00     0 0.00 0.00 0.00     0 0.000
  0  0 12 0.00 0.00 0.00     0 0.00 0.00 0.00     0 0.00 0.00 0.00     0 0.000
  0  0 16 0.00 0.00 0.00     0 0.00 0.00 0.00     0 0.00 0.00 0.00     0 0.000
  0  0 20 0.00 0.00 0.00     0 0.00 0.00 0.00     0 0.00 0.00 0.00     0 0.000
  0  0 24 0.00 0.00 0.00     0 0.00 0.00 0.00     0 0.00 0.00 0.00     0 0.000
  0  0 28 0.00 0.00 0.00     0 0.00 0.00 0.00     0 0.00 0.00 0.00     0 0.000
  0  0 32 0.00 0.00 0.00     0 0.00 0.00 0.00     0 0.00 0.00 0.00     0 0.000
  0  0 36 0.00 0.00 0.00     0 0.00 0.00 0.00     0 0.00 0.00 0.00     0 0.000
  0  0 40 0.00 0.00 0.00     0 0.00 0.00 0.00     0 0.00 0.00 0.00     0 0.000
  0  0 44 0.00 0.00 0.00     0 0.00 0.00 0.00     0 0.00 0.00 0.00     0 0.000
  0  0 48 0.00 0.00 0.00     0 0.00 0.00 0.00     0 0.00 0.00 0.00     0 0.000
  0  0 51 0.00 0.00 0.00     0 0.00 0.00 0.00     0 0.00 0.00 0.00     0 0.000
  0  0  0 0.00 0.00 0.00     0 0.00 0.00 0.00     0 0.00 0.00 0.00     0 0.000
  0  0  4 0.00 0.00 0.00     0 0.00 0.00 0.00     0 0.00 0.00 0.00     0 0.000
  0  0  8 0.00 0.00 0.00     0 0.00 0.00 0.00     0 0.00 0.00 0.00     0 0.000
  0  0 12 0.00 0.00 0.00     0 0.00 0.00 0.00     0 0.00 0.00 0.00     0 0.000
  0  0 16 0.00 0.00 0.00     0 0.00 0.00 0.00     0 0.00 0.00 0.00     0 0.000
  0  0 20 0.00 0.00 0.00     0 0.00 0.00 0.00     0 0.00 0.00 0.00     0 0.000
  0  0 24 0.00 0.00 0.00     0 0.00 0.00 0.00     0 0.00 0.00 0.00     0 0.000
  0  0 28 0.00 0.00 0.00     0 0.00 0.00 0.00     0 0.00 0.00 0.00     0 0.000
  0  0 32 0.00 0.00 0.00     0 0.00 0.00 0.00     0 0.00 0.00 0.00     0 0.000
  0  0 36 0.00 0.00 0.00     0 0.00 0.00 0.00     0 0.00 0.00 0.00     0 0.000
  0  0 40 0.00 0.00 0.00     0 0.00 0.00 0.00     0 0.00 0.00 0.00     0 0.000
  0  0 44 0.00 0.00 0.00     0 0.00 0.00 0.00     0 0.00 0.00 0.00     0 0.000
  0  0 48 0.00 0.00 0.00     0 0.00 0.00 0.00     0 0.00 0.00 0.00     0 0.000
  0  0 51 0.00 0.00 0.00     0 0.00 0.00 0.00     0 0.00 0.00 0.00     0 0.000
  0  0  0 0.00 0.00 0.00     0 0.00 0.00 0.00     0 0.00 0.00 0.00     0 0.000
  0  0  4 0.00 0.00 0.00     0 0.00 0.00 0.00     0 0.00 0.00 0.00     0 0.000
  0  0  8 0.00 0.00 0.00     0 0.00 0.00 0.00     0 0.00 0.00 0.00     0 0.000
  0  0 12 0.00 0.00 0.00     0 0.00 0.00 0.00     0 0.00 0.00 0.00     0 0.000
  0  0 16 0.00 0.00 0.00     0 0.00 0.00 0.00     0 0.00 0.00 0.00     0 0.000
  0  0 20 0.00 0.00 0.00     0 0.00 0.00 0.00     0 0.00 0.00 0.00     0 0.000
  0  0 24 0.00 0.00 0.00     0 0.00 0.00 0.00     0 0.00 0.00 0.00     0 0.000
  0  0 28 0.00 0.00 0.00     0 0.00 0.00 0.00     0 0.00 0.00 0.00     0 0.000
  0  0 32 0.00 0.00 0.00     0 0.00 0.00 0.00     0 0.00 0.00 0.00     0 0.000
  0  0 36 0.00 0.00 0.00     0 0.00 0.00 0.00     0 0.00 0.00 0.00     0 0.000
  0  0 40 0.00 0.00 0.00     0 0.00 0.00 0.00     0 0.00 0.00 0.00     0 0.000
  0  0 44 0.00 0.00 0.00     0 0.00 0.00 0.00     0 0.00 0.00 0.00     0 0.000
  0  0 48 0.00 0.00 0.00     0 0.00 0.00 0.00     0 0.00 0.00 0.00     0 0.000
  0  0 51 0.00 0.00 0.00     0 0.00 0.00 0.00     0 0.00 0.00 0.00     0 0.000
  0  0  0 0.00 0.00 0.00     0 0.00 0.00 0.00     0 0.00 0.00 0.00     0 0.000
  0  0  4 0.00 0.00 0.00     0 0.00 0.00 0.00     0 0.00 0.00 0.00     0 0.000
  0  0  8 0.00 0.00 0.00     0 0.00 0.00 0.00     0 0.00 0.00 0.00     0 0.000
  0  0 12 0.00 0.00 0.00     0 0.00 0.00 0.00     0 0.00 0.00 0.00     0 0.000
  0  0 16 0.00 0.00 0.00     0 0.00 0.00 0.00     0 0.00 0.00 0.00     0 0.000
  0  0 20 0.00 0.00 0.00     0 0.00 0.00 0.00     0 0.00 0.00 0.00     0 0.000
  0  0 24 0.00 0.00 0.00     0 0.00 0.00 0.00     0 0.00 0.00 0.00     0 0.000
  0  0 28 0.00 0.00 0.00     0 0.00 0.00 0.00     0 0.00 0.00 0.00     0 0.000
  0  0 32 0.00 0.00 0.00     0 0.00 0.00 0.00     0 0.00 0.00 0.00     0 0.000
  0  0 36 0.00 0.00 0.00     0 0.00 0.00 0.00     0 0.00 0.00 0.00     0 0.000
  0  0 40 0.00 0.00 0.00     0 0.00 0.00 0.00     0 0.00 0.00 0.00     0 0.000
  0  0 44 0.00 0.00 0.00     0 0.00 0.00 0.00     0 0.00 0.00 0.00     0 0.000
  0  0 48 0.00 0.00 0.00     0 0.00 0.00 0.00     0 0.00 0.00 0.00     0 0.000
  0  0 51 0.00 0.00 0.00     0 0.00 0.00 0.00     0 0.00 0.00 0.00     0 0.000
  0  0  0 0.00 0.00 0.00     0 0.00 0.00 0.00     0 0.00 0.00 0.00     0 0.000
  0  0  4 0.00 0.00 0.00     0 0.00 0.00 0.00     0 0.00 0.00 0.00     0 0.000
  0  0  8 0.00 0.00 0.00     0 0.00 0.00 0.00     0 0.00 0.00 0.00     0 0.000
  0  0 12 0.00 0.00 0.00     0 0.00 0.00 0.00     0 0.00 0.00 0.00     0 0.000
  0  0 16 0.00 0.00 0.00     0 0.00 0.00 0.00     0 0.00 0.00 0.00     0 0.000
  0  0 20 0.00 0.00 0.00     0 0.00 0.00 0.00     0 0.00 0.00 0.00     0 0.000
  0  0 24 0.00 0.00 0.00     0 0.00 0.00 0.00     0 0.00 0.00 0.00     0 0.000
  0  0 28 0.00 0.00 0.00     0 0.00 0.00 0.00     0 0.00 0.00 0.00     0 0.000
  0  0 32 0.00 0.00 0.00     0 0.00 0.00 0.00     0 0.00 0.00 0.00     0 0.000
  0  0 36 0.00 0.00 0.00     0 0.00 0.00 0.00     0 0.00 0.00 0.00     0 0.000
  0  0 40 0.00 0.00 0.00     0 0.00 0.00 0.00     0 0.00 0.00 0.00     0 0.000
  0  0 44 0.00 0.00 0.00     0 0.00 0.00 0.00     0 0.00 0.00 0.00     0 0.000
  0  0 48 0.00 0.00 0.00     0 0.00 0.00 0.00     0 0.00 0.00 0.00     0 0.000
  0  0 51 0.00 0.00 0.00     0 0.00 0.00 0.00     0 0.00 0.00 0.00     0 0.000
  0  0  0 0.00 0.00 0.00     0 0.00 0.00 0.00     0 0.00 0.00 0.00     0 0.000
  0  0  4 0.00 0.00 0.00     0 0.00 0.00 0.00     0 0.00 0.00 0.00     0 0.000
  0  0  8 0.00 0.00 0.00     0 0.00 0.00 0.00     0 0.00 0.00 0.00     0 0.000
  0  0 12 0.00 0.00 0.00     0 0.00 0.00 0.00     0 0.00 0.00 0.00     0 0.000
  0  0 16 0.00 0.00 0.00     0 0.00 0.00 0.00     0 0.00 0.00 0.00     0 0.000
  0  0 20 0.00 0.00 0.00     0 0.00 0.00 0.00     0 0.00 0.00 0.00     0 0.000
  0  0 24 0.00 0.00 0.00     0 0.00 0.00 0.00     0 0.00 0.00 0.00     0 0.000
  0  0 28 0.00 0.00 0.00     0 0.00 0.00 0.00     0 0.00 0.00 0.00     0 0.000
  0  0 32 0.00 0.00 0.00     0 0.00 0.00 0.00     0 0.00 0.00 0.00     0 0.000
  0  0 36 0.00 0.00 0.00     0 0.00 0.00 0.00     0 0.00 0.00 0.00     0 0.000
  0  0 40 0.00 0.00 0.00     0 0.00 0.00 0.00     0 0.00 0.00 0.00     0 0.000
  0  0 44 0.00 0.00 0.00     0 0.00 0.00 0.00     0 0.00 0.00 0.00     0 0.000
  0  0 48 0.00 0.00 0.00     0 0.00 0.00 0.00     0 0.00 0.00 0.00     0 0.000
  0  0 51 0.00 0.00 0.00     0 0.00 0.00 0.00     0 0.00 0.00 0.00     0 0.000
  0  0  0 0.00 0.00 0.00     0 0.00 0.00 0.00     0 0.00 0.00 0.00     0 0.000
  0  0  4 0.00 0.00 0.00     0 0.00 0.00 0.00     0 0.00 0.00 0.00     0 0.000
  0  0  8 0.00 0.00 0.00     0 0.00 0.00 0.00     0 0.00 0.00 0.00     0 0.000
  0  0 12 0.00 0.00 0.00     0 0.00 0.00 0.00     0 0.00 0.00 0.00     0 0.000
  0  0 16 0.00 0.00 0.00     0 0.00 0.00 0.00     0 0.00 0.00 0.00     0 0.000
  0  0 20 0.00 0.00 0.00     0 0.00 0.00 0.00     0 0.00 0.00 0.00     0 0.000
  0  0 24 0.00 0.00 0.00     0 0.00 0.00 0.00     0 0.00 0.00 0.00     0 0.000
  0  0 28 0.00 0.00 0.00     0 0.00 0.00 0.00     0 0.00 0.00 0.00     0 0.000
  0  0 32 0.00 0.00 0.00     0 0.00 0.00 0.00     0 0.00 0.00 0.00     0 0.000
  0  0 36 0.00 0.00 0.00     0 0.00 0.00 0.00     0 0.00 0.00 0.00     0 0.000
  0  0 40 0.00 0.00 0.00     0 0.00 0.00 0.00     0 0.00 0.00 0.00     0 0.000
  0  0 44 0.00 0.00 0.00     0 0.00 0.00 0.00     0 0.00 0.00 0.00     0 0.000
  0  0 48 0.00 0.00 0.00     0 0.00 0.00 0.00     0 0.00 0.00 0.00     0 0.000
  0  0 51 0.00 0.00 0.00     0 0.00 0.00 0.00     0 0.00 0.00 0.00     0 0.000
  0  0  0 0.00 0.00 0.00     0 0.00 0.00 0.00     0 0.00 0.00 0.00     0 0.000
  0  0  4 0.00 0.00 0.00     0 0.00 0.00 0.00     0 0.00 0.00 0.00     0 0.000
  0  0  8 0.00 0.00 0.00     0 0.00 0.00 0.00     0 0.00 0.00 0.00     0 0.000
  0  0 12 0.00 0.00 0.00     0 0.00 0.00 0.00     0 0.00 0.00 0.00     0 0.000
  0  0 16 0.00 0.00 0.00     0 0.00 0.00 0.00     0 0.00 0.00 0.00     0 0.000
  0  0 20 0.00 0.00 0.00     0 0.00 0.00 0.00     0 0.00 0.00 0.00     0 0.000
  0  0 24 0.00 0.00 0.00     0 0.00 0.00 0.00     0 0.00 0.00 0.00     0 0.000
  0  0 28 0.00 0.00 0.00     0 0.00 0.00 0.00     0 0.00 0.00 0.00     0 0.000
  0  0 32 0.00 0.00 0.00     0 0.00 0.00 0.00     0 0.00 0.00 0.00     0 0.000
  0  0 36 0.00 0.00 0.00     0 0.00 0.00 0.00     0 0.00 0.00 0.00     0 0.000
  0  0 40 0.00 0.00 0.00     0 0.00 0.00 0.00     0 0.00 0.00 0.00     0 0.000
  0  0 44 0.00 0.00 0.00     0 0.00 0.00 0.00     0 0.00 0.00 0.00     0 0.000
  0  0 48 0.00 0.00 0.00     0 0.00 0.00 0.00     0 0.00 0.00 0.00     0 0.000
  0  0 51 0.00 0.00 0.00     0 0.00 0.00 0.00     0 0.00 0.00 0.00     0 0.000
  0  0  0 0.00 0.00 0.00     0 0.00 0.00 0.00     0 0.00 0.00 0.00     0 0.000
  0  0  4 0.00 0.00 0.00     0 0.00 0.00 0.00     0 0.00 0.00 0.00     0 0.000
  0  0  8 0.00 0.00 0.00     0 0.00 0.00 0.00     0 0.00 0.00 0.00     0 0.000
  0  0 12 0.00 0.00 0.00     0 0.00 0.00 0.00     0 0.00 0.00 0.00     0 0.000
  0  0 16 0.00 0.00 0.00     0 0.00 0.00 0.00     0 0.00 0.00 0.00     0 0.000
  0  0 20 0.00 0.00 0.00     0 0.00 0.00 0.00     0 0.00 0.00 0.00     0 0.000
  0  0 24 0.00 0.00 0.00     0 0.00 0.00 0.00     0 0.00 0.00 0.00     0 0.000
  0  0 28 0.00 0.00 0.00     0 0.00 0.00 0.00     0 0.00 0.00 0.00     0 0.000
  0  0 32 0.00 0.00 0.00     0 0.00 0.00 0.00     0 0.00 0.00 0.00     0 0.000
  0  0 36 0.00 0.00 0.00     0 0.00 0.00 0.00     0 0.00 0.00 0.00     0 0.000
  0  0 40 0.00 0.00 0.00     0 0.00 0.00 0.00     0 0.00 0.00 0.00     0 0.000
  0  0 44 0.00 0.00 0.00     0 0.00 0.00 0.00     0 0.00 0.00 0.00     0 0.000
  0  0 48 0.00 0.00 0.00     0 0.00 0.00 0.00     0 0.00 0.00 0.00     0 0.000
  0  0 51 0.00 0.00 0.00     0 0.00 0.00 0.00     0 0.00 0.00 0.00     0 0.000
  0  0  0 0.00 0.00 0.00     0 0.00 0.00 0.00     0 0.00 0.00 0.00     0 0.000
  0  0  4 0.00 0.00 0.00     0 0.00 0.00 0.00     0 0.00 0.00 0.00     0 0.000
  0  0  8 0.00 0.00 0.00     0 0.00 0.00 0.00     0 0.00 0.00 0.00     0 0.000
  0  0 12 0.00 0.00 0.00     0 0.00 0.00 0.00     0 0.00 0.00 0.00     0 0.000
  0  0 16 0.00 0.00 0.00     0 0.00 0.00 0.00     0 0.00 0.00 0.00     0 0.000
  0  0 20 0.00 0.00 0.00     0 0.00 0.00 0.00     0 0.00 0.00 0.00     0 0.000
  0  0 24 0.00 0.00 0.00     0 0.00 0.00 0.00     0 0.00 0.00 0.00     0 0.000
  0  0 28 0.00 0.00 0.00     0 0.00 0.00 0.00     0 0.00 0.00 0.00     0 0.000
  0  0 32 0.00 0.00 0.00     0 0.00 0.00 0.00     0 0.00 0.00 0.00     0 0.000
  0  0 36 0.00 0.00 0.00     0 0.00 0.00 0.00     0 0.00 0.00 0.00     0 0.000
  0  0 40 0.00 0.00 0.00     0 0.00 0.00 0.00     0 0.00 0.00 0.00     0 0.000
  0  0 44 0.00 0.00 0.00     0 0.00 0.00 0.00     0 0.00 0.00 0.00     0 0.000
  0  0 48 0.00 0.00 0.00     0 0.00 0.00 0.00     0 0.00 0.00 0.00     0 0.000
  0  0 51 0.00 0.00 0.00     0 0.00 0.00 0.00     0 0.00 0.00 0.00     0 0.000
  0  0  0 0.00 0.00 0.00     0 0.00 0.00 0.00     0 0.00 0.00 0.00     0 0.000
  0  0  4 0.00 0.00 0.00     0 0.00 0.00 0.00     0 0.00 0.00 0.00     0 0.000
  0  0  8 0.00 0.00 0.00     0 0.00 0.00 0.00     0 0.00 0.00 0.00     0 0.000
  0  0 12 0.00 0.00 0.00     0 0.00 0.00 0.00     0 0.00 0.00 0.00     0 0.000
  0  0 16 0.00 0.00 0.00     0 0.00 0.00 0.00     0 0.00 0.00 0.00     0 0.000
  0  0 20 0.00 0.00 0.00     0 0.00 0.00 0.00     0 0.00 0.00 0.00     0 0.000
  0  0 24 0.00 0.00 0.00     0 0.00 0.00 0.00     0 0.00 0.00 0.00     0 0.000
  0  0 28 0.00 0.00 0.00     0 0.00 0.00 0.00     0 0.00 0.00 0.00     0 0.000
  0  0 32 0.00 0.00 0.00     0 0.00 0.00 0.00     0 0.00 0.00 0.00     0 0.000
  0  0 36 0.00 0.00 0.00     0 0.00 0.00 0.00     0 0.00 0.00 0.00     0 0.000
  0  0 40 0.00 0.00 0.00     0 0.00 0.00 0.00     0 0.00 0.00 0.00     0 0.000
  0  0 44 0.00 0.00 0.00     0 0.00 0.00 0.00     0 0.00 0.00 0.00     0 0.000
  0  0 48 0.00 0.00 0.00     0 0.00 0.00 0.00     0 0.00 0.00 0.00     0 0.000
  0  0 51 0.00 0.00 0.00     0 0.00 0.00 0.00     0 0.00 0.00 0.00     0 0.000
  0  0  0 0.00 0.00 0.00     0 0.00 0.00 0.00     0 0.00 0.00 0.00     0 0.000
  0  0  4 0.00 0.00 0.00     0 0.00 0.00 0.00     0 0.00 0.00 0.00     0 0.000
  0  0  8 0.00 0.00 0.00     0 0.00 0.00 0.00     0 0.00 0.00 0.00     0 0.000
  0  0 12 0.00 0.00 0.00     0 0.00 0.00 0.00     0 0.00 0.00 0.00     0 0.000
  0  0 16 0.00 0.00 0.00     0 0.00 0.00 0.00     0 0.00 0.00 0.00     0 0.000
  0  0 20 0.00 0.00 0.00     0 0.00 0.00 0.00     0 0.00 0.00 0.00     0 0.000
  0  0 24 0.00 0.00 0.00     0 0.00 0.00 0.00     0 0.00 0.00 0.00     0 0.000
  0  0 28 0.00 0.00 0.00     0 0.00 0.00 0.00     0 0.00 0.00 0.00     0 0.000
  0  0 32 0.00 0.00 0.00     0 0.00 0.00 0.00     0 0.00 0.00 0.00     0 0.000
  0  0 36 0.00 0.00 0.00     0 0.00 0.00 0.00     0 0.00 0.00 0.00     0 0.000
  0  0 40 0.00 0.00 0.00     0 0.00 0.00 0.00     0 0.00 0.00 0.00     0 0.000
  0  0 44 0.00 0.00 0.00     0 0.00 0.00 0.00     0 0.00 0.00 0.00     0 0.000
  0  0 48 0.00 0.00 0.00     0 0.00 0.00 0.00     0 0.00 0.00 0.00     0 0.000
  0  0 51 0.00 0.00 0.00     0 0.00 0.00 0.00     0 0.00 0.00 0.00     0 0.000
